,mvt,rbk_str
0,F0 L0 R0 B1 U2 L0 B0 R2 D1 F2 ,bwbywggrryoryrrorrwggbgogrgyywgybyobwbrgoooyoybowbwwwb
1,L0 R0 B1 U2 L0 B0 R2 D1 F2 ,bwbywgoorgorrrrrrrgbwrgggogoyygybyobwbygoyoywybowbwwwb
2,R0 B1 U2 L0 B0 R2 D1 F2 ,bwbwwgoorgorrrrrrrbbwyggooggyyrybgobogwyobwyyybywbgwwo
3,B1 U2 L0 B0 R2 D1 F2 ,bwwwwgoogrrgrrorrrbbyygboobgywrywgoyogwyobwyyrbygbgbwo
4,U2 L0 B0 R2 D1 F2 ,wyowwgoogrrbrrwrrwbbyygboobgywrywrogggwoobyyyygobbwrgb
5,L0 B0 R2 D1 F2 ,googwwoywggwrrwrrwygoygboobgywrywrogrrboobyyybbybbwrgb
6,B0 R2 D1 F2 ,boowwwyywggwrrwrrwggoggboobyywyywoogyoryorybbbbrbbrrgg
7,R2 D1 F2 ,wwwwwwyywgggrrorroggoggboobyywyywyyyooroorbbbrbbgbbgrr
8,D1 F2 ,wwwwwwyyyorrorrgggggggggooryywyywyywooroorbbbbbbbbborr
9,F2 ,wwwwwwyyyorrorrorrgggggggggwwwyyyyyyoorooroorbbbbbbbbb
10,U0 B1 F2 R0 B1 L2 D2 F1 U1 B0 ,ygwowroyrgboyryowwgrwogbygwgobwyrowrryywobbgrgrbgbbboy
11,B1 F2 R0 B1 L2 D2 F1 U1 B0 ,ooyywgrrwgrbyryowwgboogbygwgobwyrowrgrwwobbgrryygbbboy
12,F2 R0 B1 L2 D2 F1 U1 B0 ,bwgywgrrwgroyroowygboogbygwgobwyrwyborwwobrgrybyyborgb
13,R0 B1 L2 D2 F1 U1 B0 ,bwgywgbogrrobrowwywgybgoobgwrrwyrwyborowoyrggybyyborgb
14,B1 L2 D2 F1 U1 B0 ,bwyywobogwbrwrryoowgrbgrobbwrrwyywyyorowoyrgggbygboggb
15,L2 D2 F1 U1 B0 ,rwoywobogwbbwrwyoywgrbgrobbwrrwyyorrwroyoyyggyobbbgggg
16,D2 F1 U1 B0 ,wwowwooogwbbwrwyoyggrggrbbbrrryyybrrggyyoyorwyoobbbggw
17,F1 U1 B0 ,wwowwooogwbbwrworwggrggrggwrrbyyyrrrggyyoyyoyyoobbbbbb
18,U1 B0 ,wwowwowwobbbrrwrrwrrwggggggyyyyyyrrrgggyooyooyoobbbbbb
19,B0 ,ooowwwwwwrrwrrwrrwgggggggggyyyyyyrrryooyooyoobbbbbbbbb
20,R0 F0 U1 D0 F0 B1 D1 R2 L2 D2 ,oyyrwrrwybwbgrggygwooogrwgrowwoybrywgbbwoygbbrryobbogy
21,F0 U1 D0 F0 B1 D1 R2 L2 D2 ,oyorwrrwrggbyrwggbwowogbwgwowooyoryrgbbwoygbbyryrbbygy
22,U1 D0 F0 B1 D1 R2 L2 D2 ,oyorwrbybrgbwrwrgbwowggowbwgygoyoryrgbowowgboyryrbbygy
23,D0 F0 B1 D1 R2 L2 D2 ,orbywyorbwowwrwrgbgboggowbwgygoyoryryrywowgborgbrbbygy
24,F0 B1 D1 R2 L2 D2 ,orbywyorbwowwrwwbwgboggogborogyyyrogyrywowygyrgbrbbrgb
25,B1 D1 R2 L2 D2 ,orbywyywyoowrrwbbwgggbgbooowwwyyyrogyrrwooyggrgbrbbrgb
26,D1 R2 L2 D2 ,ywyywyywyooorrrbbbgggbgbooowwwyyywwwrrrooogggbbbgbgrrr
27,R2 L2 D2 ,ywyywyywyooorrrrrrgggbgbbbbwywwywwywrrroooooobbbgbgggg
28,L2 D2 ,ywwywwywwrrrrrrooogggbggbbbwyywyywyyrrroooooobbbbbgggg
29,D2 ,wwwwwwwwwrrrrrroooggggggbbbyyyyyyyyyoooooorrrbbbbbbggg
30,L0 U0 B0 L2 F1 D0 R0 L2 D1 B0 ,wbbgwyyyoybwwrobrrrobrgggwoorwoyyyggrobrobgwwrwgbbgyyo
31,U0 B0 L2 F1 D0 R0 L2 D1 B0 ,obbgwygyoybwwrobrrwobgggyworrwryyggggrrwoowbbrwybboyyo
32,B0 L2 F1 D0 R0 L2 D1 B0 ,ggoywboybrwywrobrrybwgggyworrwryygggwobwoowbbgrrbboyyo
33,L2 F1 D0 R0 L2 D1 B0 ,yorywboybrwgwrgbrgybwgggyworrwryywwwoobgoogbbybgybroor
34,F1 D0 R0 L2 D1 B0 ,rorrwbwybrwgwrgbrgrbwrgggwoyrwyyyowwbbgoogbooybyybgooy
35,D0 R0 L2 D1 B0 ,rorrwbrwbwwgrrgyrgwgobgwrrgggoyyyowwbbbooybowybyybgooy
36,R0 L2 D1 B0 ,rorrwbrwbwwgrrgrrgwgobgwbowoygwygwyobbbooyooyybyybgyrg
37,L2 D1 B0 ,roorwwrwwrrwrrwgggwggbggboooyywyywyybbbooyooybbybbgrrg
38,D1 B0 ,ooowwwwwwrrwrrwgggggggggyooryyryyryyyooyoobbbbbbbbbrrw
39,B0 ,ooowwwwwwrrwrrwrrwgggggggggyyyyyyrrryooyooyoobbbbbbbbb
40,B0 U1 L0 B1 D2 U0 F1 D2 R2 B0 ,obywwrrorbggwrbwryggyyggggbryorywwwowowyooryyoogrbbbbb
41,U1 L0 B1 D2 U0 F1 D2 R2 B0 ,gbywwrrorbgowrwwrwggyyggggbryorywwyryowboooyybrobbobbg
42,L0 B1 D2 U0 F1 D2 R2 B0 ,yrrbwogwrggywrwwrwyowyggggbryorywwyrbroboooyybgobbobbg
43,B1 D2 U0 F1 D2 R2 B0 ,grrowoowrggywrwwrwyowbggggbyyoyywgyrobbyoryoobgwbbrbbr
44,D2 U0 F1 D2 R2 B0 ,yyoowoowrgggwrrwrryowbggggbyyoyywwwygbbyorroowrrgbbbbb
45,U0 F1 D2 R2 B0 ,yyoowoowrgggwrrrooyowbggbbbywwwyyoyygbbyorwrrwrrgbbggb
46,F1 D2 R2 B0 ,ooywwyroowrrwrrroogggbggbbbywwwyyoyyyowyorwrrgbbgbbggb
47,D2 R2 B0 ,ooywwywwrwrrwrryooggbggbgbbwrrwyyoyyyooyoowrrgbbgbbggb
48,R2 B0 ,ooywwywwrwrrwrrwrrggbggbggbyyoyywrrwyooyooyoogbbgbbgbb
49,B0 ,ooowwwwwwrrwrrwrrwgggggggggyyyyyyrrryooyooyoobbbbbbbbb
50,L1 F0 D1 R1 L2 F2 U2 L0 D0 B2 ,gwygwywbgwggwrowbwgwrbgrowbyooryyybrrrooorbybogygbybor
51,F0 D1 R1 L2 F2 U2 L0 D0 B2 ,gwybwyobgwggwrowbwywrrgrywbrooyyyybrorbroyrobogwgbgbog
52,D1 R1 L2 F2 U2 L0 D0 B2 ,gwybwybyboggbrogbwyrywgwbrrwwwyyyybrorrroorooogwgbgbog
53,R1 L2 F2 U2 L0 D0 B2 ,gwybwybyboggbrobogyrywgwgbwwyrwybwyyorrroobrrogwgbgroo
54,L2 F2 U2 L0 D0 B2 ,gwrbwgbyogoggroobbyrywgygbbwyywywwyworrroobrrygwbbgroo
55,F2 U2 L0 D0 B2 ,wwrwwgwyogoggroobboryggywbbgyybywbywrrboorrroyggbbwroy
56,U2 L0 D0 B2 ,wwrwwgyygoogrrobbbbbwyggyrooywbywbywrrooogrrgyggbbwroy
57,L0 D0 B2 ,gyygwwrwwrrorrobbbyggyggyrooywbywbywoogoogrrgbbwbbwroy
58,D0 B2 ,yyywwwwwwrrorrobbbggggggrroyywyywyywrooroogggbbbbbbroo
59,B2 ,yyywwwwwwrrorrorrogggggggggyyyyyywwwroorooroobbbbbbbbb
60,L0 R2 F1 U2 L2 D1 B2 F1 R1 B2 ,yowowrbrryygrrwbbwwwgwgbogrgwygyygbrbyoroowyyrgobbgboo
61,R2 F1 U2 L2 D1 B2 F1 R1 B2 ,oowgwrorryygrrwbbwywgogbbgrwwywyyobrwrbyoyyoorggbbgbog
62,F1 U2 L2 D1 B2 F1 R1 B2 ,ooygwyorrwbbwrrgyyywbogbbgrwwwwyrobrwrbyoyyoorggbbggog
63,U2 L2 D1 B2 F1 R1 B2 ,ooygwywwgwbbwrrwyybbrwggyobbyowyrobrwrryoryoorggbbggog
64,L2 D1 B2 F1 R1 B2 ,gwwywgyoowrrwrrwyyrggwggyobbyowyrobrwbbyoryoobbrbbggog
65,D1 B2 F1 R1 B2 ,bwwwwgooowrrwrrwyyggggggrobgyoyyrybrooyroybbwbbybbwgor
66,B2 F1 R1 B2 ,bwwwwgooowrrwrrgorggggggwyyorryybgyyooyroyrobbbybbwbbw
67,F1 R1 B2 ,yygwwgooowrrwrrgooggggggwyyorryybwwbroyroyrobwbbwbbybb
68,R1 B2 ,yygwwgwwgrrrrrroooggyggyggwyybyybwwbroorooroowbbwbbybb
69,B2 ,yyywwwwwwrrorrorrogggggggggyyyyyywwwroorooroobbbbbbbbb
70,D0 L2 F0 U0 L2 F2 B0 U0 R2 D0 ,owywwywobwrrwrybgwbgobgogryywoyyrrogwbryoryoogggbbgrbb
71,L2 F0 U0 L2 F2 B0 U0 R2 D0 ,owywwywobwrrwrygrybgobgoyooryyoywgrowbryorrbbgggbbgbgw
72,F0 U0 L2 F2 B0 U0 R2 D0 ,rwyowygobwrrwrygrywgoggogoooyywywwrobbrroyrbwggybbbbgb
73,U0 L2 F2 B0 U0 R2 D0 ,rwyowywyrgrrorybryggwoggooogwwwywwrobboroyrbyggybbbbgb
74,L2 F2 B0 U0 R2 D0 ,worywwryyggyorybrygrroggooogwwwywwroggwroyrbybbobbbbgb
75,F2 B0 U0 R2 D0 ,gorwwwwyyggyorybrybrrbggooowwwyywrroybryorwggbbobbobgg
76,B0 U0 R2 D0 ,gorwwwwwwggyrryrryoooggbrrbyywyywrroybbyoowggbbobbobgg
77,U0 R2 D0 ,yyywwwwwwggorrrrrroooggbrrbyywyywyywrbbooogggbbbgbbgoo
78,R2 D0 ,wwywwywwybbbrrrrrrggoggbrrbyywyywyywoooooogggrbbgbbgoo
79,D0 ,wwwwwwwwwrrrrrrbbbggggggrrryyyyyyyyyoooooogggbbbbbbooo
80,D1 R2 U1 L1 R2 U2 L0 R2 U1 D2 ,gwbwwgwwrgorrrrybgbbwygbrroyybyyywwwyorooobggygogbboro
81,R2 U1 L1 R2 U2 L0 R2 U1 D2 ,gwbwwgwwrgorrrrorobbwygbybgbywyywyywyorooorroygogbbbgg
82,U1 L1 R2 U2 L0 R2 U1 D2 ,gwwwwwwwwororrrrogbbbyggybybybyygyyryorooorroggobbbwgg
83,L1 R2 U2 L0 R2 U1 D2 ,wwwwwwgwwbbbrrrrogyoryggybybybyygyyrggoooorroorobbbwgg
84,R2 U2 L0 R2 U1 D2 ,ywwywwywwbbbrrrrogboryggybygybbygoyrooogorgororgbbwwgw
85,U2 L0 R2 U1 D2 ,ywbywgywrgorrrrbbbbowygbybogywbywoywooogorgoryrggbwrgw
86,L0 R2 U1 D2 ,rwygwybwyooorrrbbbyrgygbybogywbywoywgorgorgorbowgbwrgw
87,R2 U1 D2 ,wwywwywwyooorrrbbbrrgggbbboyywyywyywgggooorrrboogbbrgg
88,U1 D2 ,wwwwwwwwwbbbrrrooorrrgggbbbyyyyyyyyygggooorrrooobbbggg
89,D2 ,wwwwwwwwwrrrrrroooggggggbbbyyyyyyyyyoooooorrrbbbbbbggg
90,D1 R2 L0 D2 F2 B0 L1 F0 U2 L0 ,yorgwbyorywywrrgbboygyggbyrrbwryrwgobygoorogwbbowbwwog
91,R2 L0 D2 F2 B0 L1 F0 U2 L0 ,yorgwbyorywywrrwogoygygggbbwrobygrrwbygoorbyrbbowbwogw
92,L0 D2 F2 B0 L1 F0 U2 L0 ,yoogwgyowgowrrwywyoyoygwgbbwrrbybrrrbygoorbyrbbogbwggw
93,D2 F2 B0 L1 F0 U2 L0 ,woowwgoowgowrrwywyyyoggwybborryybgrrbobyoyrrgbbrgbbggw
94,F2 B0 L1 F0 U2 L0 ,woowwgoowgowrrwrrgyyoggwggwrrgbyyrrobobyoyywybbrgbbybb
95,B0 L1 F0 U2 L0 ,woowwggrryowyrwbrgwggwggoyywoobyyrroboryorywgbbrgbbybb
96,L1 F0 U2 L0 ,wwgwwggrryooyrrbrrwggwggoyywoobyybyyooroorwwgygbbbbbbr
97,F0 U2 L0 ,wwgwwgorryooyrrbrrwggbggbyyroobyybyyrrgoowoowyggbbwbbw
98,U2 L0 ,wwgwwgwwgooorrrrrrbbwyggyggbyybyybyyrrrooooooyggbbwbbw
99,L0 ,gwwgwwgwwrrrrrrrrryggyggyggbyybyybyyooooooooobbwbbwbbw
100,R2 U0 L1 R2 F1 D1 L1 R1 D2 U1 ,oyrwwgbygorbwrbowgwrwbgryyyrogoyggbyyoogoorgbwbbwbyrrw
101,U0 L1 R2 F1 D1 L1 R1 D2 U1 ,oygwwgbyygwobrwbrowrrbgwyywroroyggbgyoogoorgbybbrbywrw
102,L1 R2 F1 D1 L1 R1 D2 U1 ,bwoywyyggybbbrwbrogwobgwyywroroyggbgwrrgoorgbyoorbywrw
103,R2 F1 D1 L1 R1 D2 U1 ,gwobwyyggybbbrwbrorwoogwgywworyygobgrobrogwgryoyrbywrb
104,F1 D1 L1 R1 D2 U1 ,gwrbwgyggorbwrbbbyrwwogrgyywooyyyobgrobrogwgrwoywbyorb
105,D1 L1 R1 D2 U1 ,gwrbwgowborborbwbywrywgyrogbgryyyobgrogrogwgywoywbyorb
106,L1 R1 D2 U1 ,gwrbwgowborborborbwrywgywbyryggybbyorogrogrogwoywbywgy
107,R1 D2 U1 ,wwrwwgwwborborborbrryggybbyyygyybyyogggooorrrwoowbbwgg
108,D2 U1 ,wwwwwwwwwbbbrrrooorrrgggbbbyyyyyyyyygggooorrrooobbbggg
109,U1 ,wwwwwwwwwbbbrrrrrrrrrggggggyyyyyyyyygggooooooooobbbbbb
110,F0 U0 B1 D1 U0 F2 D1 R0 L2 F2 ,bwwrwyrowbobyrwggggbrbgbywwgrogyyyrooywbowborooygbrygr
111,U0 B1 D1 U0 F2 D1 R0 L2 F2 ,bwwrwyrwwroborwwggybgwgbwbrgybgyyyrooygborbooooygbrygr
112,B1 D1 U0 F2 D1 R0 L2 F2 ,rrbwwwwywooyorwwggrobwgbwbrgybgyyyroybgborboooyggbrygr
113,D1 U0 F2 D1 R0 L2 F2 ,bbywwwwywoororrwgbrobwgbwbrgybgyygwyybgrorooogrrybgogy
114,U0 F2 D1 R0 L2 F2 ,bbywwwwywoororrogyrobwgbwgbbyyyywgggybgrorwbrgrrybgooo
115,F2 D1 R0 L2 F2 ,wwbywbwwygrrorrogyoorwgbwgbbyyyywgggrobrorwbrybgybgooo
116,D1 R0 L2 F2 ,wwbywbyybrrrrrrbgybgwbgwrooywwyywgggrooroowbgybgybgooo
117,R0 L2 F2 ,wwbywbyybrrrrrrooobgwbgwbgywwgwygyygrooroorooybgybgwbg
118,L2 F2 ,wwwywwyyyorrorrorrbggbggbggwwwwyyyyyroorooroobbgbbgbbg
119,F2 ,wwwwwwyyyorrorrorrgggggggggwwwyyyyyyoorooroorbbbbbbbbb
120,F0 R1 L0 D2 U1 L0 F2 B0 U0 R0 ,owbywgyygrorrrbobgbbyggywgwbrbwyrgwrgoogowwbryryobywoo
121,R1 L0 D2 U1 L0 F2 B0 U0 R0 ,owbywgrwoyoryrbgbgwgbggbwyyorrwyrgwrgobgorwbbyryobywoo
122,L0 D2 U1 L0 F2 B0 U0 R0 ,owwyworwyrbgorbyygwgbgggwyoorbwybgwygobgorwbbrryrbyroo
123,D2 U1 L0 F2 B0 U0 R0 ,owwywoywyrbgorbyygogbyggryowrbgybwwywggboobrbrrgrbwroo
124,U1 L0 F2 B0 U0 R0 ,owwywoywyrbgorbbrbogbyggrooywwbygbrwwggbooyygrrgrbwryo
125,L0 F2 B0 U0 R0 ,woywwwoyyogborbbrbwggyggrooywwbygbrwrrgbooyygrbgrbwryo
126,F2 B0 U0 R0 ,ooywwwgyyogborbbrbwggwggooowwwyygrrwybryorgogrbbrbbryy
127,B0 U0 R0 ,ooywwwwwwggbrrbrrboooggwggwyygyygrrwybbyoogoorbbrbbryy
128,U0 R0 ,bbbwwwwwwggwrrrrrroooggwggwyygyygyygybboooooorrrybbybb
129,R0 ,wwbwwbwwbrrrrrrrrrggwggwggwyygyygyygoooooooooybbybbybb
130,B2 U0 L1 D1 R0 U2 L0 F2 R2 B0 ,ogyywoowgybowrbrgwwooygbyyygbbyywrggbggrorborbowrbwrrw
131,U0 L1 D1 R0 U2 L0 F2 R2 B0 ,ggrywoowgybbwrrrgbwooygbyyygbbyywygowggboroorwrrwbrwob
132,L1 D1 R0 U2 L0 F2 R2 B0 ,oygwwggorwrrwrrrgbybbygbyyygbbyywygowooboroorwggwbrwob
133,D1 R0 U2 L0 F2 R2 B0 ,yygywgyorwrrwrrrgbgbbygbyyybbbrywggoorrooowbowggwbwwoo
134,R0 U2 L0 F2 R2 B0 ,yygywgyorwrrwrrwoogbbygbrgbbwobygbrgorroooyyywggwbwwbo
135,U2 L0 F2 R2 B0 ,yybywbyobwwworrorrgboyggrggbwwbywbrworroooyyyrgggbwgbo
136,L0 F2 R2 B0 ,boybwybyyorrorrorrrggyggrggbwwbywbrwwwwoooyyygbogbwgbo
137,F2 R2 B0 ,ooywwyoyyorrorrorrbggbggbggrwwyywrrwyowyowyowgbbgbbgbb
138,R2 B0 ,ooywwywwrwrrwrrwrrggbggbggbyyoyywrrwyooyooyoogbbgbbgbb
139,B0 ,ooowwwwwwrrwrrwrrwgggggggggyyyyyyrrryooyooyoobbbbbbbbb
140,L0 U1 F2 R1 D0 B0 F0 R2 D0 L2 ,rybrwobrbrgowrbwwyyywoggoboyrgoybgygygrrobrwbwogybwogw
141,U1 F2 R1 D0 B0 F0 R2 D0 L2 ,wybwwogrbrgowrbwwyrywrggbboyrgoyboygrrywogbbrwogyboogy
142,F2 R1 D0 B0 F0 R2 D0 L2 ,bobywrwwgrywwrbwwyrryrggbboyrgoyboygwogwogbbrrgoyboogy
143,R1 D0 B0 F0 R2 D0 L2 ,bobywrgryrywgrbgwyobbggryrrgwwoyboygwowwowbbrrgoyboogy
144,D0 B0 F0 R2 D0 L2 ,booywygrrwbyyrwrggobbggryrygwboyroyrwowwowbbrggobbowgy
145,B0 F0 R2 D0 L2 ,booywygrrwbyyrwyryobbggrbbroogyywrrbwowwowwgyggobborgg
146,F0 R2 D0 L2 ,ywyywygrrwbbyrryrrobbggrbbroogyywwwwoowoowbgyrbggbggoo
147,R2 D0 L2 ,ywyywyywwgbbrrrrrrbgobgbrrbyywyywwwwoooooobggrbggbggoo
148,D0 L2 ,ywwywwywwrrrrrrbbgbggbggrrryyyyyywwwoooooobggbbgbbgooo
149,L2 ,ywwywwywwrrrrrrrrrbggbggbggwyywyywyyooooooooobbgbbgbbg
150,D1 R0 B2 D2 L0 B0 U1 F0 L1 D0 ,oobgwrwwwggrbrygbworoggwrbogyygyrgrrywbbooyywywbobobyr
151,R0 B2 D2 L0 B0 U1 F0 L1 D0 ,oobgwrwwwggrbrybyroroggwgbwyrryyrgggywbboorboywboboyyw
152,B2 D2 L0 B0 U1 F0 L1 D0 ,ooogwwwwwbbgyrgryrorrggrgbgyryyyoggyywbboorbowwbrbobyw
153,D2 L0 B0 U1 F0 L1 D0 ,ygggwwwwwbbryrbryyorrggrgbgyryyyoooorwbgoogbowybobrbww
154,L0 B0 U1 F0 L1 D0 ,ygggwwwwwbbryrbgboorrggrbwwooooyyyryrwbgooryywybobrgbg
155,B0 U1 F0 L1 D0 ,gggrwwbwwbbryrbgboyrrggrwwwooogyybryrgryowyobwyyobogbo
156,U1 F0 L1 D0 ,rborwwbwwbbyyrrgbbyrrggrwwwooogyyryyggrgowgobgowbbyooy
157,F0 L1 D0 ,owwbwwrrbyrryrrgbbggrggrwwwooogyyryygowgowgobbbybbyooy
158,L1 D0 ,owwbwwbwwrrrrrrbbbwggwggwrrgyygyyryygoogoogoobbybbyooy
159,D0 ,wwwwwwwwwrrrrrrbbbggggggrrryyyyyyyyyoooooogggbbbbbbooo
160,D2 L2 U0 B2 D2 L0 R2 U0 B1 L1 ,byowwbywwgoyyrbogrgooggbrrbwwybyyyowwgroorbwbgrorbggyr
161,L2 U0 B2 D2 L0 R2 U0 B1 L1 ,byowwbywwgoyyrbbwbgooggbgyrwoyyybywwwgroorogrgrorbgrrb
162,U0 B2 D2 L0 R2 U0 B1 L1 ,wyoywbywwgoyyrbbwbbooggboyrboywybywwrgoroorgwgrgrbgrrg
163,B2 D2 L0 R2 U0 B1 L1 ,yywwwywbogrgyrbbwbgoyggboyrboywybywwbooroorgwrgorbgrrg
164,D2 L0 R2 U0 B1 L1 ,wwywwywbogrryrrbwbgoyggboyrboywybwyyboobooggwgrrgbrogr
165,L0 R2 U0 B1 L1 ,wwywwywbogrryrrggwgoyggbogryywbywyobbooboobwbgrrgbroyr
166,R2 U0 B1 L1 ,rwyrwyrbogrryrrggwwoywgbwgrgywgywoobbbbwooboogrygbboyy
167,U0 B1 L1 ,rwwrwwrbbwggrryrrgwoowggwgggyygyyooobbbwooboorrybbbyyy
168,B1 L1 ,rrrbwwbwwrryrryrrgwggwggwgggyygyyooowoowooboobbbbbbyyy
169,L1 ,bwwbwwbwwrrrrrrrrrwggwggwgggyygyygyyooooooooobbybbybby
170,F2 B1 R2 L2 D2 R0 F0 U0 L0 F1 ,ogggwbbywbowororrrybrygwygwowgwybbggbrrworybgoowybryyo
171,B1 R2 L2 D2 R0 F0 U0 L0 F1 ,ogggwbgwogowrrorrrwgywgyrbywybwybbggbrrwooybboowybryyo
172,R2 L2 D2 R0 F0 U0 L0 F1 ,ywbgwbgwogoorrgrrgwgywgyrbywybwybrowbrrgoogbbwroobyoyy
173,L2 D2 R0 F0 U0 L0 F1 ,ywbgwbgwwgrrgrroogwgowgorbwwybwybroobrrgoogbbyroybyyyy
174,D2 R0 F0 U0 L0 F1 ,wwbwwbrwwgrrgrroogygoygoobwyybgybgoobbgoogrrbyrrybwyyw
175,R0 F0 U0 L0 F1 ,wwbwwbrwwgrrgrrrrbygoygoyywoogbygbyybbgoogoogyrrybwobw
176,F0 U0 L0 F1 ,wwowworwwrggrrrbrryggyggyyyooobyybyybbgoogoogwrrbbwbbw
177,U0 L0 F1 ,wwowwogggrggwrrwrryyyyggyggbrrbyybyybbooooooowrrbbwbbw
178,L0 F1 ,gwwgwwgoowrrwrrwrrrggyggyggbrrbyybyyyyyoooooobbobbwbbw
179,F1 ,wwwwwwooowrrwrrwrrgggggggggrrryyyyyyooyooyooybbbbbbbbb
180,L2 D2 U0 B1 F1 D2 L0 U1 R0 D0 ,rwgbwgygbyyybryrroborogrowbggwbygbrggooyowoyyrbwrbowww
181,D2 U0 B1 F1 D2 L0 U1 R0 D0 ,gwgbwgbgbyyybryrroworogrwwbrgwbygyrgyyowoyoogrborbowwb
182,U0 B1 F1 D2 L0 U1 R0 D0 ,gwgbwgbgbyyybryoogworogrwwbgrygybwgryyowoyrrorborbowwb
183,B1 F1 D2 L0 U1 R0 D0 ,bbggwwbggrbobryoogyyyogrwwbgrygybwgrworwoyrroyyorbowwb
184,F1 D2 L0 U1 R0 D0 ,rwwgwwbggrbbbrboogyyyogrwwbgrygybgyoworgoyrrooobybwyrw
185,D2 L0 U1 R0 D0 ,rwwgwwrboybbrrbgogyrbygwyowryogybgyowoggogrrboobybwyrw
186,L0 U1 R0 D0 ,rwwgwwrboybbrrbrrbyrbygwyrwoygbygoyrwoggoggogoobybwyow
187,U1 R0 D0 ,wwwwwwbboybbrrbrrbrrbggwrrwyygyygyyrggwooogggoooybbyoo
188,R0 D0 ,wwowwbwwbrrbrrbrrbggwggwrrwyygyygyyroooooogggybbybbyoo
189,D0 ,wwwwwwwwwrrrrrrbbbggggggrrryyyyyyyyyoooooogggbbbbbbooo
190,D2 L0 R0 D2 U2 L2 R2 B0 F2 D2 ,gyggwgbogyoyrrowrwybowgyygrbwbbyggrboyroorrworbwwbyobw
191,L0 R0 D2 U2 L2 R2 B0 F2 D2 ,gyggwgbogyoyrrorwoybowgyobwbrggybbwboyroorwrwrbwwbyygr
192,R0 D2 U2 L2 R2 B0 F2 D2 ,rygywgwogyoyrrorwogboggybbwyrgwybowbwooroywrrrbbwbgygb
193,D2 U2 L2 R2 B0 F2 D2 ,ryoywywowrrywroooygbgggbbbbyrywywowrwooroywrrgbbgbgggb
194,U2 L2 R2 B0 F2 D2 ,ryoywywowrrywrowrrgbgggbggbrwowywyrywooroyooygbbgbgbbb
195,L2 R2 B0 F2 D2 ,wowywyoyrwoowrowrrgbbggbggbrwowywyryrryroyooygbggbgbbb
196,R2 B0 F2 D2 ,rowwwyyyrwoowrowrrbbbggbggbwwoyyworyyooyoryrrgbggbgbbg
197,B0 F2 D2 ,roowwwyyyrrworwoowbbbggggggwwwyyyorryooyoryrrbbgbbgbbg
198,F2 D2 ,wwwwwwyyyrrrorrooobbbggggggwwwyyyyyyooooorrrrbbbbbbggg
199,D2 ,wwwwwwwwwrrrrrroooggggggbbbyyyyyyyyyoooooorrrbbbbbbggg
200,U0 D2 L1 U1 B0 D0 L2 F0 U1 L0 ,owwbwwwgobbgyrgyogbwwrggobowrbyywyyygoryogbbgrryoborrr
201,D2 L1 U1 B0 D0 L2 F0 U1 L0 ,wbogwwowwrryyrgyogbbgrggobowrbyywyyybwwyogbbggoroborrr
202,L1 U1 B0 D0 L2 F0 U1 L0 ,wbogwwowwrryyrgbbgbbgrggrrryyywyybrwbwwyogyoggoroboobo
203,U1 B0 D0 L2 F0 U1 L0 ,bborwwrwwrryyrgbbgybgwggbrroyyoyyrrwwggwoobyygooobgobw
204,B0 D0 L2 F0 U1 L0 ,owwbwwbrrybgyrgbbgwggwggbrroyyoyyrrwgoowoobyyrryobgobw
205,D0 L2 F0 U1 L0 ,gggbwwbrrybwyrrbbrwggwggbrroyyoyygwbwoowoooyyoorbbrwgy
206,L2 F0 U1 L0 ,gggbwwbrrybwyrrbrrwggwggoyygoowyybyywoowoowgyoorbbrbbr
207,F0 U1 L0 ,gggwwwbrrybwyrrbrrrggrggryygoobyybyyygwoowoowooobbwbbw
208,U1 L0 ,gggwwwwwwbbwrrrrrrrrryggyggbyybyybyyyggooooooooobbwbbw
209,L0 ,gwwgwwgwwrrrrrrrrryggyggyggbyybyybyyooooooooobbwbbwbbw
210,B1 F2 L2 U0 R1 F1 L0 D2 U2 B0 ,yoobwrgrrwygrryrwbygbygwgowrggwybrrobyobooygywwogbowbb
211,F2 L2 U0 R1 F1 L0 D2 U2 B0 ,ybbbwrgrrwyyrrorwoygbygwgowrggwybbygryorooogyoobwbbwgw
212,L2 U0 R1 F1 L0 D2 U2 B0 ,ybbbwrggryyyoroowowogwgybgyrrgwybbygryrrorogwoobwbbwgw
213,U0 R1 F1 L0 D2 U2 B0 ,rbbwwrbgryyyoroowowogbgybgyyrgbybgygwgororryroobwbwwgw
214,R1 F1 L0 D2 U2 B0 ,bwrgwbrrbooboroowoyyybgybgyyrgbybgygwogrorryrwgowbwwgw
215,F1 L0 D2 U2 B0 ,bwwgwwrrwbooorwoooyyrbgbbgbyrybyygyywogrorryrggobbwggw
216,L0 D2 U2 B0 ,bwwgwwbooyoorrwyoorbbyggybbgrrbyygyywowrorryrggobbwggw
217,D2 U2 B0 ,wwwwwwoooyoorrwyoobbbgggbbbrrryyyyyyrrwyoorrwgggbbbggg
218,U2 B0 ,wwwwwwoooyoorrwrrwbbbggggggyyyyyyrrrrrwyooyoogggbbbbbb
219,B0 ,ooowwwwwwrrwrrwrrwgggggggggyyyyyyrrryooyooyoobbbbbbbbb
220,L0 R2 U1 B0 D2 L0 F0 D1 U1 B2 ,yrowwbrybyrgwryrwbybrygobrbwywgygwoyobggoggoowwgobrobr
221,R2 U1 B0 D2 L0 F0 D1 U1 B2 ,rrorwbgybyrgwryrwbybrwgorrbyywyygboyggoooboggwwwobgobw
222,U1 B0 D2 L0 F0 D1 U1 B2 ,rrwrwggyybwryrwgryybowgorrwyyoyybbobggoooboggbwwobgrbw
223,B0 D2 L0 F0 D1 U1 B2 ,wgyrwyrrgyboyrwgryggowgorrwyyoyybbobbwwooboggbwrobgrbw
224,D2 L0 F0 D1 U1 B2 ,owyrwyrrgybbyrogrbggowgorrwyyoyybbooywwgobwggrobbbwwgr
225,L0 F0 D1 U1 B2 ,owyrwyrrgybbyrowggggowgowgroobbyyoyyywwgobgrbrobbbwrrw
226,F0 D1 U1 B2 ,wwywwybrgybbyrowggogorgorgrgobwyywyyggyrowbbwroobbbrro
227,D1 U1 B2 ,wwywwywwybbbrrogggrrogggroowyywyywyygggroobbbroobbbrro
228,U1 B2 ,wwywwywwybbbrrorrorroggggggyyyyyywwwgggroorooroobbbbbb
229,B2 ,yyywwwwwwrrorrorrogggggggggyyyyyywwwroorooroobbbbbbbbb
230,L1 U1 F1 B2 R1 F0 U2 B2 L2 F0 ,ywbywwwgwbbyyrrbwyroryggyyorrwbygorroogoobgoborgbbwggw
231,U1 F1 B2 R1 F0 U2 B2 L2 F0 ,rwbywwygwbbyyrrbwyrorbggoyowrwwyggrrgbbooooogorwbbyggy
232,F1 B2 R1 F0 U2 B2 L2 F0 ,bwwwwgryyroryrrbwygbbbggoyowrwwyggrrorwooooogbbybbyggy
233,B2 R1 F0 U2 B2 L2 F0 ,bwwwwgrybworrrrwwybgobgygbowogwyggrroryooyoorbbybbyggy
234,R1 F0 U2 B2 L2 F0 ,rrgwwgrybwoorrowwobgobgygbowogwygwwbyryroyroryggybbybb
235,F0 U2 B2 L2 F0 ,rrywwyryyoooorwwrwbggbgggbbwoowyywwoyryroyrorbgggbbgbb
236,U2 B2 L2 F0 ,rrywwyryyrooyrwyrwgbbbggbggwoowyywwoyrwrooroobgggbbgbb
237,B2 L2 F0 ,yyrywwyrryrwyrwyrwbggbggbggwoowyywworoorooroogbbgbbgbb
238,L2 F0 ,owwywwyrryrryrryrrbggbggbggwoowyyryywoowoowoobbgbbgbbg
239,F0 ,wwwwwwrrryrryrryrrgggggggggoooyyyyyyoowoowoowbbbbbbbbb
240,F0 B0 U1 L2 R0 B0 U2 D2 B0 R1 ,wogowyooybborrbrrrwwowgwggyrybgyybowobgwogwryygbrbbgyr
241,B0 U1 L2 R0 B0 U2 D2 B0 R1 ,wogowyyggoboorbyrrgwwggwyworrbgyybowobrwoywrbygbrbbgyr
242,U1 L2 R0 B0 U2 D2 B0 R1 ,obrowyyggobworoyrbgwwggwyworrbgyyowwgbrooywrbgryybgrbb
243,L2 R0 B0 U2 D2 B0 R1 ,rygbwgooygwworoyrbgbrggwyworrbgyyowwgryooywrbobwybgrbb
244,R0 B0 U2 D2 B0 R1 ,ryggwgooygwworoyrbbbrggwwworrbbyyowwbrwyooyrgobyybgrbg
245,B0 U2 D2 B0 R1 ,ryrgwwoooyogrrwbowbbbggywwwrrrbyyowobrwyooyrgybygbggbg
246,U2 D2 B0 R1 ,gwwgwwoooyoorrwboobbbggywwwrrrbyybyyrrwyoorrgggybbbggy
247,D2 B0 R1 ,ooowwgwwgrrwrrwbooggyggywwwrrrbyybyyyooyoorrgbbbbbbggy
248,B0 R1 ,ooowwgwwgrrwrrwrrgggyggyggyyybyybrrryooyooboobbbbbbwww
249,R1 ,wwgwwgwwgrrrrrrrrrggyggyggyyybyybyybooooooooowbbwbbwbb
250,U2 L0 R2 D1 U2 L1 R2 B2 F0 U0 ,yywowworgybbyrorrgwgowggrwyyobyybrwrbggrorbogobobbywgw
251,L0 R2 D1 U2 L1 R2 B2 F0 U0 ,growwowyybggyrorrgobowggrwyyobyybrwrybbrorbogwgobbywgw
252,R2 D1 U2 L1 R2 B2 F0 U0 ,wroywooyybggyrorrggbowggwwyoobwybrwrbryoobgrbwgrbbywgy
253,D1 U2 L1 R2 B2 F0 U0 ,wrbywboyrgrroryggbgbwwgbwwwooowyorwybryoobgrbygrgbyogy
254,U2 L1 R2 B2 F0 U0 ,wrbywboyrgrroryogygbwwgbggbooyoywowrbryoobwwwygrgbygrb
255,L1 R2 B2 F0 U0 ,ryobwybrwbryoryogyygrwgbggbooyoywowrgrroobwwwgbwgbygrb
256,R2 B2 F0 U0 ,yyowwygrwbryoryogyogrogbogbboyyywwwrrbwrowgowgbbgbbgrr
257,B2 F0 U0 ,yyywwwgrrygoyroyrboggoggoggbooyyywwwrbwrowgowbbbbbbrrr
258,F0 U0 ,wwwwwwgrryggyrryrroggoggoggbooyyyyyybbwoowoowrrrbbbbbb
259,U0 ,wwwwwwwwwgggrrrrrroooggggggyyyyyyyyybbboooooorrrbbbbbb
260,R1 U2 D1 B1 L0 R1 B2 D1 F0 B1 ,wrrgwobryrggorwrrbowbogygybwbwoybgbogyyyobowrygogbrwwy
261,U2 D1 B1 L0 R1 B2 D1 F0 B1 ,wrwgwgbrygwbgrrrorowrogogyywbboyygbbgyyyobowrogobbrwwy
262,D1 B1 L0 R1 B2 D1 F0 B1 ,yrbgwgwrwgyygrrrorogoogogyywbboyygbbgwbyobowrowrbbrwwy
263,B1 L0 R1 B2 D1 F0 B1 ,yrbgwgwrwgyygrrwwyogoogororbybbybwoggwbyobgyyowrbbrowr
264,L0 R1 B2 D1 F0 B1 ,gyggwgwrwgyygrrwwbogoogororbybbybyrywwboobgyyrrrwbwobo
265,R1 B2 D1 F0 B1 ,oygwwgrrwgyygrrwwbggoggoworoyboybrrygowyowybbrrywbbobb
266,B2 D1 F0 B1 ,oyowwwrrryrbyrwggwggggggwowoyooyorrrgowyowybbyrybbbbbb
267,D1 F0 B1 ,rrrwwwrrryryyrygggggggggwowoyooyooyowowwowbbbbbbbbbyry
268,F0 B1 ,rrrwwwrrryryyryyrygggggggggoooyyyooowowwowwowbbbbbbbbb
269,B1 ,rrrwwwwwwrryrryrrygggggggggyyyyyyooowoowoowoobbbbbbbbb
270,F2 U2 D2 F1 B1 U1 R1 L1 B1 U1 ,yggrwwboogrryrobobwyyrggwwrgbybygwrygbooogryowwrbbwoyb
271,U2 D2 F1 B1 U1 R1 L1 B1 U1 ,yggrwwybgorrgrooobrwwggryywoobbygwrygbbooyrygwwrbbwoyb
272,D2 F1 B1 U1 R1 L1 B1 U1 ,gbywwrggygbbgrooobwwrggryywoobbygwryorrooyrygrwwbbwoyb
273,F1 B1 U1 R1 L1 B1 U1 ,gbywwrggygbbgrorygwwrggroybyrwgybbooorrooyoobrwwbbwyyw
274,B1 U1 R1 L1 B1 U1 ,gbywwrggrwbbrroyygrrbwgywgorybgybboooryoogoogrwwbbwyyw
275,U1 R1 L1 B1 U1 ,ooowwrggrwbgrrbyyyrrbwgywgorybgybgobbryoogoogwwwwbyrby
276,R1 L1 B1 U1 ,orrowgowgrrbrrbyyybrywgywgorybgybgobwwwoogoogwbgwbyrby
277,L1 B1 U1 ,orrowwowwbbyrryrrybrrwggwggryygyygoowwwoogoogbbgbbybby
278,B1 U1 ,brrwwwwwwbbyrryrryrrrggggggyyyyyygoowggwoowoobbobbobbo
279,U1 ,wwwwwwwwwbbbrrrrrrrrrggggggyyyyyyyyygggooooooooobbbbbb
280,F1 B1 U1 F1 R1 L1 F1 R0 U0 D0 ,yrbbwwygwbryoryobwrwrggwggwwobryyggoowbboryyrobgobogyr
281,B1 U1 F1 R1 L1 F1 R0 U0 D0 ,yrbbwwboobryorywbwrwwwggrggbrrryyggoowwbogyyyobgobogyr
282,U1 F1 R1 L1 F1 R0 U0 D0 ,ybobwwboobryorrwbbrwwwggrggbrrryywyygwwgogoyygorbbyoog
283,F1 R1 L1 F1 R0 U0 D0 ,owobwoybbrwworrwbbgwwwggrggbrrryywyygorgogoyybrybbyoog
284,R1 L1 F1 R0 U0 D0 ,owobworowrwwrrrbbbwggwgggwrrgyryywyygobgoboyybrybbyoog
285,L1 F1 R0 U0 D0 ,owobwbrobwrbwrbrrbwgowgogwwrggrygwyrgobgoboyyyryybyyog
286,F1 R0 U0 D0 ,wwowwbgobwrbwrbrrbrgorgowwwgggyygyyrbbyooyggoyrrybbyoo
287,R0 U0 D0 ,wwowwbwwrgrbgrbgrboowggwrrwyyoyygyyrbbbooogggyrrybbyoo
288,U0 D0 ,wwwwwwwwwgggrrrbbbooogggrrryyyyyyyyybbbooogggrrrbbbooo
289,D0 ,wwwwwwwwwrrrrrrbbbggggggrrryyyyyyyyyoooooogggbbbbbbooo
290,F2 U0 L0 D2 R2 L2 U0 B1 R1 U2 ,bbogwwooryrbbrrrwwbbgbgwbwwrgggyogyoyrwooyoowyrrybyggy
291,U0 L0 D2 R2 L2 U0 B1 R1 U2 ,bbogwwggrwrbyrrwwwwwbwgbgbbroogyogyoyrroobooyyrrybyggy
292,L0 D2 R2 L2 U0 B1 R1 U2 ,ggbgwbrwoyrryrrwwwwrbwgbgbbroogyogyowwboobooyyrrybyggy
293,D2 R2 L2 U0 B1 R1 U2 ,ygbywbrwoyrryrrwwwgrbggbrbbwoowyogyooowoowybbyrgybgggr
294,R2 L2 U0 B1 R1 U2 ,ygbywbrwoyrryrrybbgrbggbggroygoywoowoowoowwwwyrgybgrbb
295,L2 U0 B1 R1 U2 ,yggywwrwwbbyrryrrygrrggyggyoyboybooooowoowwwwrrgbbgbbb
296,U0 B1 R1 U2 ,oggowwowwbbyrryrrybrrggyggyyybyybroowwwwoowoorrgbbgbbg
297,B1 R1 U2 ,ooowwgwwgrrgrryrrybbyggyggyyybyybroobrrwoowoowwwbbgbbg
298,R1 U2 ,wwbwwgwwgrrorrorrobbyggyggyyybyybyygrrroooooowggwbbwbb
299,U2 ,wwwwwwwwwooorrrrrrbbbggggggyyyyyyyyyrrroooooogggbbbbbb
300,L1 R0 F2 B2 U1 L0 B0 F1 D0 L1 ,yrybwbbrwgobyrbggwrgoogorrogwygyybrbgwwgowywwrbrybooyo
301,R0 F2 B2 U1 L0 B0 F1 D0 L1 ,rryowbrrwgobyrbggwggoggobroowyoyyrrbwwwwowggyrbbybboyy
302,F2 B2 U1 L0 B0 F1 D0 L1 ,rrooworrogyggrowbbggyggybrbowooyyrrrwwwwowggywbbbbbyyy
303,B2 U1 L0 B0 F1 D0 L1 ,rroowoowoyygwrowbbbrbyggyggorroyyrrrwwwwoggggwbbbbbyyy
304,U1 L0 B0 F1 D0 L1 ,rrrowoowoyygwrwwbwbrbyggyggorroyyorrbwwooggggyyybbbbbw
305,L0 B0 F1 D0 L1 ,roorwwroobrbwrwwbwbwwyggyggorroyyorryyyooggggyygbbbbbw
306,B0 F1 D0 L1 ,woobwwgoobrbwrwwbwrwwrggrggbrryyyyrrgoygoyggyyyobbobbo
307,F1 D0 L1 ,bwwbwwgoobrrwrrwbyrwwrggrggbrryyygggooyooywgybbybbyooo
308,D0 L1 ,bwwbwwbwwrrrrrrbbywggwggrrryyyyyygggoooooowggbbybbyooo
309,L1 ,bwwbwwbwwrrrrrrrrrwggwggwgggyygyygyyooooooooobbybbybby
310,B1 U1 F0 R0 U0 L2 B0 F2 D2 R0 ,woobwbgbyrrgwrrroyywbrggrgwwygwyggrooyooogyobwybybbbwr
311,U1 F0 R0 U0 L2 B0 F2 D2 R0 ,yoobwbgbyrrwwrorooywbrggrgwwygwygyrggyorogoobbbrybwwyb
312,F0 R0 U0 L2 B0 F2 D2 R0 ,obyowbybgywbwroroogyorggrgwwygwygyrgbbrrogoobrrwybwwyb
313,R0 U0 L2 B0 F2 D2 R0 ,obyowbbgrywbbrogoorrgggywgorwywygyrgbbwroyoogrrwybwwyb
314,U0 L2 B0 F2 D2 R0 ,obgowybgogbyorwoobrrygggwggrwwwyyyrrbbwroyoogrrwbbwyyb
315,L2 B0 F2 D2 R0 ,boogwboygrrworwoobgbygggwggrwwwyyyrrrryroyoogbbwbbwyyb
316,B0 F2 D2 R0 ,roowwbyygrrworwoobbbywggwggbwwgyyorrgooyoryrrbbwbbgyyg
317,F2 D2 R0 ,wwbwwbyygrrrorrooobbywggwggbwwgyygyyooooorrrrybbybbggw
318,D2 R0 ,wwbwwbwwbrrrrrroooggwggwybbgyygyygyyoooooorrrybbybbggw
319,R0 ,wwbwwbwwbrrrrrrrrrggwggwggwyygyygyygoooooooooybbybbybb
320,U1 B1 D2 F0 U2 L1 F0 D0 B1 F1 ,gwwywyrbrbbryroooogwybggwoyoygoygoggrrwworbbbbrywbgwry
321,B1 D2 F0 U2 L1 F0 D0 B1 F1 ,wyrwwbgyrgwyyroooorrwbggwoyoygoygoggbryworbbbbbrwbgwry
322,D2 F0 U2 L1 F0 D0 B1 F1 ,bwbwwbgyrgwwyryoorrrwbggwoyoygoygooyorygorgbbrgybbrbww
323,F0 U2 L1 F0 D0 B1 F1 ,bwbwwbgyrgwwyrygbbrrwbggbwwyoogyogyoorygoroorrgybbrwoy
324,U2 L1 F0 D0 B1 F1 ,bwbwwbrrygwwyryrbbbbrwgrwgwgyggyogyoorygooooorgybbrwoy
325,L1 F0 D0 B1 F1 ,yrrbwwbwboryyryrbbrgywgrwgwgyggyogyogwwgooooobbrbbrwoy
326,F0 D0 B1 F1 ,rrrwwwwwboryyryrbbggyggrggwyygryoryowoowooggobbbbbbwoy
327,D0 B1 F1 ,rrrwwwooowrywrybbbggggggwryryoryoryowoywoygggbbbbbbwoy
328,B1 F1 ,rrrwwwooowrywrywrygggggggggrrryyyooowoywoywoybbbbbbbbb
329,F1 ,wwwwwwooowrrwrrwrrgggggggggrrryyyyyyooyooyooybbbbbbbbb
330,D0 L1 U2 B0 F2 U1 B1 R2 U0 F2 ,bwybwwgwwbogrrwwbgwrroggbgoyygyyybbyooroogorrogybbyrrw
331,L1 U2 B0 F2 U1 B1 R2 U0 F2 ,bwybwwgwwbogrrwbgowrroggorrbyybyyyygooroogrrwogybbywbg
332,U2 B0 F2 U1 B1 R2 U0 F2 ,wwyowwowwbogrrwbgobrrbggyrrgyyyyyyygrgwoorooroggbbbwbb
333,B0 F2 U1 B1 R2 U0 F2 ,wwowwoywwrgwrrwbgooggbggyrrgyyyyyyygbogooroorbrrbbbwbb
334,F2 U1 B1 R2 U0 F2 ,wwowwoywwrggrrybgyoggbggyrrgyyyyyboooogworworwbbbbrbbr
335,U1 B1 R2 U0 F2 ,wwowwoyygrggrryggyrryggbggowwyyyyboooobworworwbbbbrbbr
336,B1 R2 U0 F2 ,oogwwywwyrryrryggyoobggbggowwyyyyboowbbworworrggbbrbbr
337,R2 U0 F2 ,wwwwwywwyrrorrogggoobggbggowwyyyyyyybbbooroorgrrgbbrbb
338,U0 F2 ,wwywwywwygggorrorroorggggggwwwyyyyyybbbooroororrbbbbbb
339,F2 ,wwwwwwyyyorrorrorrgggggggggwwwyyyyyyoorooroorbbbbbbbbb
340,L2 B1 F0 U0 R2 F1 L2 D0 U2 B2 ,ryywwrboowbgrryboyybgbggbrorywwywgooyrryowrgwobgobgbgw
341,B1 F0 U0 R2 F1 L2 D0 U2 B2 ,ryywwrgoowbgrryboywbgggggrorywwywboowgrwoyrryobbobbbgy
342,F0 U0 R2 F1 L2 D0 U2 B2 ,rwwwwrgoowbrrryboywbgggggrorywwywyygbgrooyorybbybbgoob
343,U0 R2 F1 L2 D0 U2 B2 ,rwwwwryyrgbroryooyggwrgboggbrwwywyygbgrooyorwbbybbgoob
344,R2 F1 L2 D0 U2 B2 ,ywrywwrrwbbyoryooygbrrgboggbrwwywyygggwooyorwbgrbbgoob
345,F1 L2 D0 U2 B2 ,ywwywwrrgyooyroybbgborgbogbbrrwywyywggwooyorwggrbbgrob
346,L2 D0 U2 B2 ,ywwywwyyyroorrobbbobbbgggrowywwywyywgggoororrggrbbgrob
347,D0 U2 B2 ,wwwwwwyyyroorrobbbbbbgggrroyywyywyywrrorooggggggbbbroo
348,U2 B2 ,wwwwwwyyyroorrorrobbbggggggyyyyyywwwrrorooroogggbbbbbb
349,B2 ,yyywwwwwwrrorrorrogggggggggyyyyyywwwroorooroobbbbbbbbb
350,D0 U2 L2 R0 B1 D2 F1 B2 L1 D1 ,ooggwygbrbgyrrowbwwyyrgwbwrwgbwyrbbogrryoyyborwygbogoo
351,U2 L2 R0 B1 D2 F1 B2 L1 D1 ,ooggwygbrbgyrrobwrwyyrgwybobwwbygorbgrryoygoorwygbowbw
352,L2 R0 B1 D2 F1 B2 L1 D1 ,rbgywggoogrrrrobwrrwyrgwybobwwbygorbbgyyoygoowyygbowbw
353,R0 B1 D2 F1 B2 L1 D1 ,bbgbwgooogrrrrobwrwwyogwyborwwyyggrboogyoyygbwyygbrwbr
354,B1 D2 F1 B2 L1 D1 ,bbybwwooobrgwrrrorwwwoggybbrwwyyggrwoogyoyygboyygbrgbr
355,D2 F1 B2 L1 D1 ,yyobwwooobrbwrbroywwwoggybbrwwyygrrggogroywgbyrrybbogg
356,F1 B2 L1 D1 ,yyobwwooobrbwrbwgbwwwoggogggrrgyywwrgogroyroyyrrybbybb
357,B2 L1 D1 ,yyobwwbwwrrbrrbggbwggwggwoogyygyywwrgooroorooyrrybbybb
358,L1 D1 ,rwwbwwbwwrrrrrrgggwggwggwoogyygyyoyyboobooboobbybbyrry
359,D1 ,wwwwwwwwwrrrrrrgggggggggoooyyyyyyyyyoooooobbbbbbbbbrrr
360,U2 R0 D1 U0 F2 B2 L0 U2 B1 L1 ,bwowwoobgwyygrbgobworggyowybbrwygbyworgyorrgwgoyrbbrry
361,R0 D1 U0 F2 B2 L0 U2 B1 L1 ,gboowwowborggrbgobgoyggyowybbrwygbywwyyyorrgwworrbbrry
362,D1 U0 F2 B2 L0 U2 B1 L1 ,gbyowyowyggoorrbbggorgggowwbbrwyrbywwyyyorrgwborwbbory
363,U0 F2 B2 L0 U2 B1 L1 ,gbyowyowyggoorrorygorgggbbgrrwbyybwbwyyyorowwborwbbrgw
364,F2 B2 L0 U2 B1 L1 ,oogwwbyyybororroryggogggbbgrrwbyybwbgoryorowwwyywbbrgw
365,B2 L0 U2 B1 L1 ,oogwwbwrrworrrrrrygbbgggoggyyybyybwbgooyooowbwyywbbrgw
366,L0 U2 B1 L1 ,bwbwwbwrrwoorryrrggbbgggoggyyybyygooyooroorwbwgrbbwyyw
367,U2 B1 L1 ,wwbwwbrrrwoorryrrgbbbwggwgggyygyyooorrywooboowggbbbyyy
368,B1 L1 ,rrrbwwbwwrryrryrrgwggwggwgggyygyyooowoowooboobbbbbbyyy
369,L1 ,bwwbwwbwwrrrrrrrrrwggwggwgggyygyygyyooooooooobbybbybby
370,B0 D1 R1 L2 B0 D2 L0 B2 U1 F2 ,gogywgbwyroyrrggorwrbggbrrwggooywobbyrobowbbwryoybywwy
371,D1 R1 L2 B0 D2 L0 B2 U1 F2 ,ygrywgbwyrobrrbgoowrbggbrrwggooywybbgrooowgbwwyrwbyyyo
372,R1 L2 B0 D2 L0 B2 U1 F2 ,ygrywgbwyrobrrbyyowrbggbgooowbgybgoygrooowrrwwyrwbygbw
373,L2 B0 D2 L0 B2 U1 F2 ,yggywwbwwbbooryrrywrrggggoyowbgybgoogrooowrrwyyrbbybbw
374,B0 D2 L0 B2 U1 F2 ,ogggwwgwwbbooryrrywrryggroyywbyybboowrrwooorgyygbbgbbw
375,D2 L0 B2 U1 F2 ,oyygwwgwwbboororrbwrryggroyywbyybwwogrrgooorgbbybbywgg
376,L0 B2 U1 F2 ,oyygwwgwwbbooroorgwrryggwggowwbyybwygrrgoorrbbbybbyroy
377,B2 U1 F2 ,yyyywwywwbbooroorgorrggggggwwwyyywwyrggrorborbbbbbbroo
378,U1 F2 ,ywwywwywwbbborrorrorrggggggwwwyyyyyygggoorooroorbbbbbb
379,F2 ,wwwwwwyyyorrorrorrgggggggggwwwyyyyyyoorooroorbbbbbbbbb
380,R1 L2 D2 F1 B0 U0 F0 D2 R2 L2 ,goowwobwbwyyrrbryyygoggwbgwrrgwyryyroorooyobwggwrbbgbb
381,L2 D2 F1 B0 U0 F0 D2 R2 L2 ,gogwwrbwgybyyrywrrygoggobgbrrowywyywoorooyobwrgwrbbgbb
382,D2 F1 B0 U0 F0 D2 R2 L2 ,rogwwrywgybyyrywrrbgobgowgbgrowywbywwboyooroorgbrbggby
383,F1 B0 U0 F0 D2 R2 L2 ,rogwwrywgybyyryroobgobgogbywybwyworgwboyoowrrrgbrbgwgb
384,B0 U0 F0 D2 R2 L2 ,rogwwryyrbbyyrywooooyggbbbgoorwyworgwbgyowwryrgbrbgwgb
385,U0 F0 D2 R2 L2 ,yyowwryyrbbgyrrwooooyggbbbgoorwywwywgbgoowrrywrrgbgbgb
386,F0 D2 R2 L2 ,ywyywyrrowrryrrwoobbgggbbbgoorwywwywooyoowrrygbggbgbgb
387,D2 R2 L2 ,ywyywyywyrrrrrrooobgbbgbgbgwywwywwywoooooorrrgbggbgbgb
388,R2 L2 ,ywyywyywyrrrrrrrrrbgbbgbbgbwywwywwywooooooooogbggbggbg
389,L2 ,ywwywwywwrrrrrrrrrbggbggbggwyywyywyyooooooooobbgbbgbbg
390,B2 U0 F0 R2 L1 F2 U1 D0 R2 B1 ,ryrwwrobbwggyrgrbygworgrwwwgggbyrbooboyoowwyoyoyybgbbr
391,U0 F0 R2 L1 F2 U1 D0 R2 B1 ,oobwwrobbwgwyrorbbgworgrwwwgggbyrryryoygowgyorbbgbyyoy
392,F0 R2 L1 F2 U1 D0 R2 B1 ,owobwobrbrbbyrorbbwgwrgrwwwgggbyrryrgwogowgyoyoygbyyoy
393,R2 L1 F2 U1 D0 R2 B1 ,owobwoowobbbrrobbbwrwwggwrwryrbyrryrgwggoggygyoygbyyoy
394,L1 F2 U1 D0 R2 B1 ,owrbwrowrbbborrbbbwrywggwryryobyoryogwggoggygwoygbywoy
395,F2 U1 D0 R2 B1 ,wwrwwrwwrbbborrbbbrrybggrryyyoyyoyyogggwoygggwoogbbwoo
396,U1 D0 R2 B1 ,wwrwwroyygbbyrrgbbyrrggbyrrrwwyyoyyoggbwooggbwoogbbwoo
397,D0 R2 B1 ,rrywwywwoyrryrrgbbggbggbyrrrwwyyoyyowoowooggbgbbgbbwoo
398,R2 B1 ,rrywwywwoyrryrryrrggbggbggbyyryywoowwoowoowoogbbgbbgbb
399,B1 ,rrrwwwwwwrryrryrrygggggggggyyyyyyooowoowoowoobbbbbbbbb
400,U1 D0 F2 B0 R0 D0 B1 L0 R2 F2 ,bgywwwwbwgboororoobyoygyrrggbyyywgwwyrrborogwbrrgbobgy
401,D0 F2 B0 R0 D0 B1 L0 R2 F2 ,ywwgwbbwwbyoororooyrrygyrrggbyyywgwwbrrborogwgbogbobgy
402,F2 B0 R0 D0 B1 L0 R2 F2 ,ywwgwbbwwbyoororrgyrrygyogwgygwybwwybrrborbgygbogboroo
403,B0 R0 D0 B1 L0 R2 F2 ,ywwgwbgygyyorrorrgwgoygyrrywwbwybwwybrrboobgbgbogboroo
404,R0 D0 B1 L0 R2 F2 ,ooggwbgygyyyrrwrrwwgoygyrrywwbwybbbbwrrwooygbrggobbooo
405,D0 B1 L0 R2 F2 ,ooogwygyyrryrrywwywgbygbrrbwwowyobbrwrrwooygbgggbbbgoo
406,B1 L0 R2 F2 ,ooogwygyyrryrryrrbwgbygbygbbwwbywroowrrwoogoogggbbbwwy
407,L0 R2 F2 ,gwwgwygyyrrorrorrowgbygbygbbwwbywbyyrrroooooogbygbwgbw
408,R2 F2 ,wwwwwyyyyrrorrorroggbggbggbwwwyywyyyoorooroorgbbgbbgbb
409,F2 ,wwwwwwyyyorrorrorrgggggggggwwwyyyyyyoorooroorbbbbbbbbb
410,L2 R2 F2 D2 R0 L0 F1 R1 U2 B2 ,ywwbwbbwbrrborooogobwwgbogggowgywgryryyrorryyogbybgryw
411,R2 F2 D2 R0 L0 F1 R1 U2 B2 ,gwwgwbgwbrrborooogwbwggbbggyowbywbryyyrroryyrogoybwryo
412,F2 D2 R0 L0 F1 R1 U2 B2 ,gwwgwwgwygooorobrrwbrggybgoyowbybbrbyyrroryyrggobbwwyo
413,D2 R0 L0 F1 R1 U2 B2 ,gwwgwwwoyroorrorrrogbyggrbwywgbybbrbyybrooyygggobbwwyo
414,R0 L0 F1 R1 U2 B2 ,gwwgwwwoyroorroyygogbyggwyobrbbybgwyyybroorrrggobbwrbw
415,L0 F1 R1 U2 B2 ,gwbgwgwooyrryrogooogbygbwyybrrbybgwgyybroorrrygowbwwbw
416,F1 R1 U2 B2 ,wwbwwgoooyrryrogooggbggbwyyorryybwwgrryroyrobyggwbbwbb
417,R1 U2 B2 ,wwbwwgyygrrrrroooobbyggyggwyybyybwwgrroroorooyggwbbwbb
418,U2 B2 ,wwwwwwyyyroorrorrobbbggggggyyyyyywwwrrorooroogggbbbbbb
419,B2 ,yyywwwwwwrrorrorrogggggggggyyyyyywwwroorooroobbbbbbbbb
420,B1 R1 F0 B1 R0 U0 F2 L0 U2 D0 ,brywwbyrbwwrgrrgygoyoogyrgrwrwbyoowwyggbogbobgbrwbyooy
421,R1 F0 B1 R0 U0 F2 L0 U2 D0 ,bbywwbyrbwwbgrrgyyoyoogyrgrwrwbyogrroggwogwobryybbogwo
422,F0 B1 R0 U0 F2 L0 U2 D0 ,bbgwwbyrrbrywrywggoyyogbrgbwrobyygrroggwogwobryyobowwo
423,B1 R0 U0 F2 L0 U2 D0 ,bbgwwbbggyryrryrggrooggybbywwbbyygrrogwworwooryyobowwo
424,R0 U0 F2 L0 U2 D0 ,wwowwbbggyrbrrbrggrooggybbywwbbyygyyggwrorrooyooybwrow
425,U0 F2 L0 U2 D0 ,wwowwybgyrrygrrgbbrobggybbywwrbyygyyggwrorroogoobbwoow
426,F2 L0 U2 D0 ,bwwgwwyyogoogrrgbbrryggybbywwrbyygyyrobrorrooggwbbwoow
427,L0 U2 D0 ,bwwgwwrwwooorrrbbbybbyggyrroyybyygyyrogrogrogggwbbwoow
428,U2 D0 ,wwwwwwwwwooorrrbbbbbbgggrrryyyyyyyyyrrroooggggggbbbooo
429,D0 ,wwwwwwwwwrrrrrrbbbggggggrrryyyyyyyyyoooooogggbbbbbbooo
430,L2 B1 R2 D0 L0 R1 F0 U2 L2 F0 ,brwowyoygrbborgoogwgyggyoryybgbygbrrybgoorwwboyrwbwwwr
431,B1 R2 D0 L0 R1 F0 U2 L2 F0 ,yrwbwybygrbborgoogrgywgyrrybbgoygorrbwwroogbyoyowbgwww
432,R2 D0 L0 R1 F0 U2 L2 F0 ,grbbwybygrbyorroowrgywgyrrybbgoygggbowwroorbyogwybwoww
433,D0 L0 R1 F0 U2 L2 F0 ,grgbwgbybwoorroybrrgowgyrrobbboyygggowwroorbyygwybwyww
434,L0 R1 F0 U2 L2 F0 ,grgbwgbybwoorrorrorgowgyrbygobgybgybowwrooywwygwybwybr
435,R1 F0 U2 L2 F0 ,rrgwwgwybwoorrorroggobgybbyrobwybrybyrowowwowyggybgybg
436,F0 U2 L2 F0 ,rrywwywyyoooorrwrrgggbggbbbroowyyryyyrowowwowbggbbgbbg
437,U2 L2 F0 ,rrywwywwowooyrryrrbbgbggbggwoowyyryyyrrwoowoobggbbgbbg
438,L2 F0 ,owwywwyrryrryrryrrbggbggbggwoowyyryywoowoowoobbgbbgbbg
439,F0 ,wwwwwwrrryrryrryrrgggggggggoooyyyyyyoowoowoowbbbbbbbbb
440,F2 D2 U1 L0 D1 B1 L1 D0 R1 U1 ,owwwwbwyobwoyryywbbbwyggyrrbggbyorgrgrroorwroggyobbyog
441,D2 U1 L0 D1 B1 L1 D0 R1 U1 ,owwwwbggboworryrwbrryggywbboywbyorgrgryooywrbggyobbyog
442,U1 L0 D1 B1 L1 D0 R1 U1 ,owwwwbggboworrywrbrryggyyogrgroybwyogryooyrwbggyobbwbb
443,L0 D1 B1 L1 D0 R1 U1 ,wbbwwgowgrryrrywrbgryggyyogrgroybwyoggyooyrwbowoobbwbb
444,D1 B1 L1 D0 R1 U1 ,bbbbwgowgrryrrywrbwrywgyoogggrgybyyorogwogbyyowwobowbr
445,B1 L1 D0 R1 U1 ,bbbbwgowgrryrrywbrwrywgywrbrbogyyggyrogwogoogowwobobyy
446,L1 D0 R1 U1 ,owrbwgowgrrbrrbwbbwrywgywrbrbogyyryygoggogyogwoywbyoob
447,D0 R1 U1 ,wwrwwgwwgrrbrrbwbbrryggyrrbbboyyyyyygggoooggywoowbbooo
448,R1 U1 ,wwrwwgwwgrrbrrbrrbrryggyggyyybyybyyogggoooooowoowbbwbb
449,U1 ,wwwwwwwwwbbbrrrrrrrrrggggggyyyyyyyyygggooooooooobbbbbb
450,R1 F0 U2 L1 F1 R2 U1 F0 D2 L1 ,ywwgwbrwbwrobrobygyroogwbrwygrwyboyroogrobborgggybywgy
451,F0 U2 L1 F1 R2 U1 F0 D2 L1 ,ywwgwyrwgoogrrywbbyrwogbbrbygowywoywoogrobborrggbbyrgy
452,U2 L1 F1 R2 U1 F0 D2 L1 ,ywwgwyrbgrogwrygbbboyrgrbbwwrowywoywooyrogboorggbbyrgy
453,L1 F1 R2 U1 F0 D2 L1 ,gbrywgwwyooywrygbbrggrgrbbwwrowywoywrogrogbooboybbyrgy
454,F1 R2 U1 F0 D2 L1 ,rbrrwgbwyooywrygbbwggwgrobwyroyywyywggoooorrbbowbbyrgg
455,R2 U1 F0 D2 L1 ,rbrrwgowgooyrryybbgrwggbwwooobyywyywggyoowrrbbowbbyrgg
456,U1 F0 D2 L1 ,rbbrwwowwbbyyrryoogrrggbwwbooryygyygggyoowrrboowbbywgg
457,F0 D2 L1 ,bwwbwwrrogrryrryooggyggbwwbooryygyygoowoowrrbbbybbywgg
458,D2 L1 ,bwwbwwbwwrrrrrrooowggwggbbyyygyygyygoooooorrrbbybbywgg
459,L1 ,bwwbwwbwwrrrrrrrrrwggwggwgggyygyygyyooooooooobbybbybby
460,B0 F2 R1 L2 U1 D1 R2 L0 U2 F0 ,borywbwbgorgrrgbyyrowogwbrooywwygwggybgwogrbyyyrwboorb
461,F2 R1 L2 U1 D1 R2 L0 U2 F0 ,ggyywbwbgorgrrgbywrowogwbrooywwygywrrbgoogbbyowyrbybor
462,R1 L2 U1 D1 R2 L0 U2 F0 ,ggyywbwyoyrggrggyworbwgoworgbwwygywrrbboorbboowyrbybor
463,L2 U1 D1 R2 L0 U2 F0 ,ggbywrwyoggwrryyggorywgbwoogbbwyoywrrbboorbborwygbywor
464,U1 D1 R2 L0 U2 F0 ,ggbwwryyoggwrryyggrryygbyoogbbyyowwrobbroobbrrwwgbwwoo
465,D1 R2 L0 U2 F0 ,brogwygwyrryrryyggobbygbyoogbbyyowwrrwwroobbrggwgbwwoo
466,R2 L0 U2 F0 ,brogwygwyrryrrywooobbygbyggborbywgywrwwrooyooggwgbwbbr
467,L0 U2 F0 ,brrgwwgwwoowyrryrrobbyggyggboobyygyyrwwrooyooggwbbwbbr
468,U2 F0 ,rrrwwwwwwoowyrryrrbbbggggggoooyyyyyyyrroowoowgggbbbbbb
469,F0 ,wwwwwwrrryrryrryrrgggggggggoooyyyyyyoowoowoowbbbbbbbbb
470,D1 F1 R1 B0 L2 R0 B1 D0 L0 U2 ,oowywwwwbrogwrbbgbggwrgbroybgobyrrboggoroygyyryyobwwry
471,F1 R1 B0 L2 R0 B1 D0 L0 U2 ,oowywwwwbrogwrbwryggwrgbbgborogybbbrggoroyroyryyobwgyy
472,R1 B0 L2 R0 B1 D0 L0 U2 ,oowywwrwwoogrrborywbbggggrboyygybbbrggbrowrowryyobwgyy
473,B0 L2 R0 B1 D0 L0 U2 ,oogyworwrgbyorrorowbwggwgrwoybgygbbbggbrowrowryybbwyyy
474,L2 R0 B1 D0 L0 U2 ,yroyworwrgbborborbwbwggwgrwoybgyggrrggboowoowybrybyywy
475,R0 B1 D0 L0 U2 ,orogwogwrgbborborbybwygwrrwyybyygrrrwoowoobggybgybgyww
476,B1 D0 L0 U2 ,orwgwwgwwoogrrbbbbybbyggrrryyyyyyrrywoowoobggrbgobgoww
477,D0 L0 U2 ,bwwgwwgwwooorrrbbwybbyggrrryyyyyybbgroorooyggggwbbwroo
478,L0 U2 ,bwwgwwgwwooorrrrrrybbyggyggbyybyygyyrooroorooggwbbwbbw
479,U2 ,wwwwwwwwwooorrrrrrbbbggggggyyyyyyyyyrrroooooogggbbbbbb
480,L1 D2 B0 L1 U0 D2 L2 R2 B1 F2 ,grygwyyyobgbyryrwgoowggbogbwowrybyorrwgoorobgrwyrbwwbb
481,D2 B0 L1 U0 D2 L2 R2 B1 F2 ,orygwyoyobgbyryrwgwowrgbygbbowwybyorgrgwobroorwyrbgwbg
482,B0 L1 U0 D2 L2 R2 B1 F2 ,orygwyoyobgbyryroowowrgbwbgroybywwobgrgwobrwgrwyrbgygb
483,L1 U0 D2 L2 R2 B1 F2 ,byogwyoyobgbyrorowwowrgbwbgroybywgwryrgrobowgyrrgbwbgy
484,U0 D2 L2 R2 B1 F2 ,wyorwywyobgbyrorowrowbgbgbgyoywywrwrgbgrowyroyrogbgbgb
485,D2 L2 R2 B1 F2 ,wrwywyoyoyroyrorowbgbbgbgbgyoywywrwrrowrowyrogbggbgbgb
486,L2 R2 B1 F2 ,wrwywyoyoyroyroyrobgbbgbbgbrwrwywyoyrowrowrowgbggbggbg
487,R2 B1 F2 ,rrwwwyyyoyroyroyroggbggbggbwwryywooyworworworgbbgbbgbb
488,B1 F2 ,rrrwwwyyyoryoryorygggggggggwwwyyyoooworworworbbbbbbbbb
489,F2 ,wwwwwwyyyorrorrorrgggggggggwwwyyyyyyoorooroorbbbbbbbbb
490,F1 R0 D1 U0 F1 D1 L1 U0 D0 F0 ,rrrwwbbgowrwbrgrwbowgogoobbgwwyyoyyoyrygoybbygggybowrr
491,R0 D1 U0 F1 D1 L1 U0 D0 F0 ,rrrwwbwbrwrwwrggwbgobwgboooyyyyyoyyoyrogogbbbgggybowrr
492,D1 U0 F1 D1 L1 U0 D0 F0 ,rrbwwbwbogwwwrrbgwgoywgooooyywyyyyygyrogogbbbrggbborrr
493,U0 F1 D1 L1 U0 D0 F0 ,rrbwwbwbogwwwrrrrrgoywgobgwwygyyyyyyyrogogooorggbbobbb
494,F1 D1 L1 U0 D0 F0 ,wwrbwrobbrggwrrrrrgwwwgobgwwygyyyyyygoygogoooyrobbobbb
495,D1 L1 U0 D0 F0 ,wwrbwrrwrgggyrrwrrwowwgggwbygoyyyyyygobgoboooyrobbobbb
496,L1 U0 D0 F0 ,wwrbwrrwrgggyrrbbbwowwggwrroyygyyyyygobgobgwbyrobboooo
497,U0 D0 F0 ,wwrwwrwwrgggyrrbbboowgggyrroyyoyyoyybbboowgggyrrbbboow
498,D0 F0 ,wwwwwwrrryrryrrbbbggggggyrroyyoyyoyyoowoowgggbbbbbboow
499,F0 ,wwwwwwrrryrryrryrrgggggggggoooyyyyyyoowoowoowbbbbbbbbb
500,L0 R0 D2 B2 U1 F2 R1 L2 B0 R0 ,yrggwgbwgoorbrobygyrwbgorowyyrbybowobrrgowwrgwyowbyygb
501,R0 D2 B2 U1 F2 R1 L2 B0 R0 ,brgywgowgoorbrobygyrwggobowyyrbybrwowgbrorgwrwyowbbygy
502,D2 B2 U1 F2 R1 L2 B0 R0 ,brwywoowwbboyrogoryrrggbbooyyybywrwwwgbrorgwrgyogbbggy
503,B2 U1 F2 R1 L2 B0 R0 ,brwywoowwbboyrogwryrrggbggywwrwybyyywgbrorgorgyogbbboo
504,U1 F2 R1 L2 B0 R0 ,yyyywoowwbbgyrrgwwyrrggbggywwrwybwrbrgboorooroobbbgoyg
505,F2 R1 L2 B0 R0 ,yowywwyyoyrryrrgwwrgbggbggywwrwybwrboobooroorbbgbbgoyg
506,R1 L2 B0 R0 ,yowywwrwwrrrrrrbwwyggbggbgroyywybwrboogooyooybbgbbgoyg
507,L2 B0 R0 ,yooywbrwbrrwrrwrrbygwbgwbgwoygwygwrroogooyooybbgbbgyyg
508,B0 R0 ,ooowwbwwbrrwrrwrrbggwggwggwyygyygrrryooyoogoobbbbbbyyy
509,R0 ,wwbwwbwwbrrrrrrrrrggwggwggwyygyygyygoooooooooybbybbybb
510,F1 B1 R2 D1 U2 L2 D1 R2 F2 L1 ,yryywggoobogwrwwbwrywogbowgworwyyrrrbryyobyrgobogbgbgb
511,B1 R2 D1 U2 L2 D1 R2 F2 L1 ,yryywgbwwrogorwwbwwbgygwrooybgwyyrrrbroyooyrgobogbgbgb
512,R2 D1 U2 L2 D1 R2 F2 L1 ,yybywgbwwroyorrwbywbgygwrooybgwyywwgrroroorrgogbbbgogb
513,D1 U2 L2 D1 R2 F2 L1 ,yygywybwgybwrroyorwboygbrooybbwygwwwrroroorrgogbwbgggb
514,U2 L2 D1 R2 F2 L1 ,yygywybwgybwrroggbwboygbyorbgwbywywwrroroorooogbwbgrrg
515,L2 D1 R2 F2 L1 ,gwbywygyyrrorroggbogbygbyorbgwbywywwybwrooroowbowbgrrg
516,D1 R2 F2 L1 ,bwbbwyyyyrrorroggbggbggboorggwyywgwwooroorwbywbywbyrro
517,R2 F2 L1 ,bwbbwyyyyrrorrorroggbggbggbwwwgywgygoorooroorwbywbywby
518,F2 L1 ,bwwbwwyygorrorrorrggwggwggwwwbgyygyyoorooroorbbybbybby
519,L1 ,bwwbwwbwwrrrrrrrrrwggwggwgggyygyygyyooooooooobbybbybby
520,U0 L1 R0 D1 F1 L2 R2 U1 B2 L0 ,ggggwrwyybbyrrwwwrooobgyygrowbgyrgyyoobboorygrrwobwbbw
521,L1 R0 D1 F1 L2 R2 U1 B2 L0 ,wggywgyrgrrwrrwwwrbbybgyygrowbgyrgyyoooboorygoobobwbbw
522,R0 D1 F1 L2 R2 U1 B2 L0 ,bggbwgyrgrrwrrwwwrobyggyggrwwbwyrbyyoogooyobrooyobybbw
523,D1 F1 L2 R2 U1 B2 L0 ,bgybwyyrrwrrwrrrwwobbggrggywwbwyobyooogooyobrgoygbygbw
524,F1 L2 R2 U1 B2 L0 ,bgybwyyrrwrrwrrgbwobbggrrwwboowyywwboogooyggygoygbyobr
525,L2 R2 U1 B2 L0 ,bgybwywwgorrorrbbwbrwbgwogrgyywyywwbooroorggygoygbyobr
526,R2 U1 B2 L0 ,ggywwywwgorrorrbbwrrwygwygrbyybyywwbyggrooroogoogbbobb
527,U1 B2 L0 ,ggywwywwbwbbrrorrorroyggyggbyybyywwgyggroorooroowbbwbb
528,B2 L0 ,yybgwwgwwrrorrorroyggyggyggbyybyywwgroorooroowbbwbbwbb
529,L0 ,gwwgwwgwwrrrrrrrrryggyggyggbyybyybyyooooooooobbwbbwbbw
530,B0 L1 U1 D0 R2 B0 F1 D1 L0 R0 ,wworwobyrwwbwrgyyywgbogbrrgbbooyrrwrggoyoywbyyroobbggg
531,L1 U1 D0 R2 B0 F1 D1 L0 R0 ,bgyrwobyrwwrwrwyyrwgbogbrrgbbooyrgywogowoywbygoygbrgbo
532,U1 D0 R2 B0 F1 D1 L0 R0 ,wgyoworyrwwrwrwyyrbgbogbgrgoboryryywoyygobowwgobgbrgbb
533,D0 R2 B0 F1 D1 L0 R0 ,yorgwyworbgbwrwyyroyyogbgrgoboryryywgobgobowwwwrgbrgbb
534,R2 B0 F1 D1 L0 R0 ,yorgwyworbgbwrwgrgoyyogbowwyroyybwrogobgobgbbwwrgbryyr
535,B0 F1 D1 L0 R0 ,yoogwbwoogrgwrwbgboyyoggowwyrryyywrrgobgobgbbwwrbbryyr
536,F1 D1 L0 R0 ,gwbgwbwoogrrwrrbgwoyyoggowwyrryyygggooboobybbybwybwrrr
537,D1 L0 R0 ,gwbgwbgwbrrrrrrygwygwygwooobbbyyygggooooooybwybwybwrrr
538,L0 R0 ,gwbgwbgwbrrrrrrrrrygwygwygwbygbygbygoooooooooybwybwybw
539,R0 ,wwbwwbwwbrrrrrrrrrggwggwggwyygyygyygoooooooooybbybbybb
540,D1 L2 F2 D0 B1 L1 D2 B0 L2 F0 ,rworwwbwrbrworoggwooyggyrywwbobyryrgybyyowgobbbggbgryo
541,L2 F2 D0 B1 L1 D2 B0 L2 F0 ,rworwwbwrbrwororyoooyggyggworgbyrwbyybyyowrywbbggbggob
542,F2 D0 B1 L1 D2 B0 L2 F0 ,owobwwwwrbrwororyoboyggyggwrrgryrbbywyrwoyybybbggbggoo
543,D0 B1 L1 D2 B0 L2 F0 ,owobwwgrryrwyroryowggyggyobrwwryrbbywyrwooybbbbggbggoo
544,B1 L1 D2 B0 L2 F0 ,owobwwgrryrwyroyobwggyggybbbrrbywyrwwyrwoogoobbggbgryo
545,L1 D2 B0 L2 F0 ,gwwbwwgrryroyrwyoowggyggybbbrrbywbowyyrroowooggobbybgr
546,D2 B0 L2 F0 ,wwwywwyrryroyrwyoobggbggbbbrrryywoowrooyooyrwgggbbbbgg
547,B0 L2 F0 ,wwwywwyrryroyrwyrwbggbggbggwoowyyrrrrooyooyoogggbbbbbb
548,L2 F0 ,owwywwyrryrryrryrrbggbggbggwoowyyryywoowoowoobbgbbgbbg
549,F0 ,wwwwwwrrryrryrryrrgggggggggoooyyyyyyoowoowoowbbbbbbbbb
550,D0 U2 L1 B0 R2 F2 U1 D2 L0 U1 ,bygbwgygbyyyrrgbywowrwgbwowrwrwyowgboogrorobgrbyobyorg
551,U2 L1 B0 R2 F2 U1 D2 L0 U1 ,bygbwgygbyyyrrgwowowrwgbobgwwrgywboroogrororgrbyobybyw
552,L1 B0 R2 F2 U1 D2 L0 U1 ,bgygwbgyboogrrgwowrbywgbobgwwrgywboryyyrororgowrobybyw
553,B0 R2 F2 U1 D2 L0 U1 ,rgywwboyboogrrgwowwbyggbbbgwwryywroryrgyoryroowgobgbyb
554,R2 F2 U1 D2 L0 U1 ,ggwwwboyboorrroworwbyggbbbgwwryywyyyyrggorrrobooybwbgg
555,F2 U1 D2 L0 U1 ,ggrwwwoyyroworrroowbbggybbbwwwyybyybyrggorrrogoobbwygg
556,U1 D2 L0 U1 ,ggrwwwwwwoowrrrgoobbbyggbbwyyoyybyybyrrgoorrrgoobbwygg
557,D2 L0 U1 ,rwwgwwgwwbbbrrrgooyrryggbbwyyoyybyybgoogoorrroowbbwygg
558,L0 U1 ,rwwgwwgwwbbbrrrrrryrryggyggbyybyyoyygoogoogoooowbbwbbw
559,U1 ,wwwwwwwwwbbbrrrrrrrrrggggggyyyyyyyyygggooooooooobbbbbb
560,U2 B2 D1 F1 L2 U0 D2 L1 U2 R2 ,rogwwwggyrrwbrrybrrobbgoyggbwoyyrwwwwbyroybgooybybggoo
561,B2 D1 F1 L2 U0 D2 L1 U2 R2 ,yggwwwgorwbybrrybroybbgoyggbwoyyrwwwrrwroybgorobybggoo
562,D1 F1 L2 U0 D2 L1 U2 R2 ,wwwwwwgorwbbbrrybroybbgoyggbwoyyrggyrrwroyygoooggbybor
563,F1 L2 U0 D2 L1 U2 R2 ,wwwwwwgorwbbbrrboroybbgoybrorywygbygrrwroyyggooggbyygo
564,L2 U0 D2 L1 U2 R2 ,wwwwwwwbbybbrrroorborygbobywygwygbygrrrrooyggooggbyygo
565,U0 D2 L1 U2 R2 ,wwwwwwbbbybbrrrooroorygbgbywygwygwygggyoorrrrooogbyygb
566,D2 L1 U2 R2 ,bwwbwwbwwooorrroorybbygbgbywygwygwygooroorrrrggygbyygb
567,L1 U2 R2 ,bwwbwwbwwooorrrrrrybbygbygbgywgywgywoorooroorggygbygby
568,U2 R2 ,ywwywwywwooorrrrrrgbbggbggbyywyywyywrrrooooooggbgbbgbb
569,R2 ,wwywwywwyrrrrrrrrrggbggbggbyywyywyywooooooooogbbgbbgbb
570,F2 L0 U1 R0 F1 D1 B1 F2 R0 U1 ,gwrowrwoybyybrroyybgobgorywgbboyggggryrworwwwbgywbboro
571,L0 U1 R0 F1 D1 B1 F2 R0 U1 ,gwrowrbbgwyyrrrryywyrogbogbyowoyggggryowobwwbbgywbboro
572,U1 R0 F1 D1 B1 F2 R0 U1 ,owrbwrybgwyyrrrryygyrogbbgbwowoygoggwwrwoybbobggwboory
573,R0 F1 D1 B1 F2 R0 U1 ,rrgwwbobygyrrrrryywwrogbbgbwowoygoggbggwoybbowyywboory
574,F1 D1 B1 F2 R0 U1 ,rrrwwbobbrrgyryyrrwwwoggbggwoooywogwbggwoybboyyybbogry
575,D1 B1 F2 R0 U1 ,rrrwwbryyorgorywrrwggwggwobgyooywogwbgbwobbboyyybbogry
576,B1 F2 R0 U1 ,rrrwwbryyorgorygrywggwggwrrowwyyggoobgbwobwobyyybbobbo
577,F2 R0 U1 ,wwbwwbryyorrorrgrrwggwggwrrowwyygyygggbooboobyooybbybb
578,R0 U1 ,wwbwwbwwobrrbrrbrrrrwggwggwyyryygyyggggooooooyooybbybb
579,U1 ,wwwwwwwwwbbbrrrrrrrrrggggggyyyyyyyyygggooooooooobbbbbb
580,B2 F1 R0 D1 U2 F0 B2 R2 U0 D0 ,wwwywbrwgyoryrroywbooggowwbgbywyryrgobygoyrrobgbgborbg
581,F1 R0 D1 U2 F0 B2 R2 U0 D0 ,gryywbrwgyoryrgoyobooggowwbgbywyrwwwwbyroyrrogbrobgbgb
582,R0 D1 U2 F0 B2 R2 U0 D0 ,gryywbyyoyorbrggyooobogwbgwyyowyrwwwwbgrowrrrgbrobgbgb
583,D1 U2 F0 B2 R2 U0 D0 ,grbywwyywgbyyroogroooogrbgwyybwyowwgwbgrowrrrobrbbgygb
584,U2 F0 B2 R2 U0 D0 ,grbywwyywgbyyroygboooogrogrbogyywywwwbgrowbgwobrbbgrrr
585,F0 B2 R2 U0 D0 ,wyywwybrgwbgyroygbobrogrogrbogyywywwgbyrowbgwooobbgrrr
586,B2 R2 U0 D0 ,wyywwywwybbgrroggboooggbrrryywyywywwgbbroobggooobbgrrr
587,R2 U0 D0 ,wwywwywwybbbrrrgggoooggbrrryywyywyywbbbooogggrrrgbbooo
588,U0 D0 ,wwwwwwwwwgggrrrbbbooogggrrryyyyyyyyybbbooogggrrrbbbooo
589,D0 ,wwwwwwwwwrrrrrrbbbggggggrrryyyyyyyyyoooooogggbbbbbbooo
590,R0 D1 B0 L2 U1 D2 F0 L2 R2 B2 ,bwowworygwygbrbgywbrrggyrbyworryggwboryrooogbwgywbbooy
591,D1 B0 L2 U1 D2 F0 L2 R2 B2 ,bwrwwyryygbwyrywbgbrrgggrbbwoorywgwworyrooogbggyobbooy
592,B0 L2 U1 D2 F0 L2 R2 B2 ,bwrwwyryygbwyryooybrrgggwbgowwoywwrgoryroorbbggyobbogb
593,L2 U1 D2 F0 L2 R2 B2 ,wyywwyryygbgyrroowbrrgggwbgowwoyworrrrywoobbbooggbgbby
594,U1 D2 F0 L2 R2 B2 ,oyyowyoyygbgyrroowyrrggggbgwwwwywrrrbbboowyrroowgbgbbb
595,D2 F0 L2 R2 B2 ,yyyywyoooyrryrroowbbbggggbgwwwwywrrroowoowyrrgbggbgbbb
596,F0 L2 R2 B2 ,yyyywyoooyrryrryrrbbbgggbbbrrrwywwwwoowoowoowgbggbggbg
597,L2 R2 B2 ,yyyywywwworrorrorrbgbbgbbgbyyywywwwwoorooroorgbggbggbg
598,R2 B2 ,yyywwywwworrorrorrggbggbggbyyyyywwwwroorooroogbbgbbgbb
599,B2 ,yyywwwwwwrrorrorrogggggggggyyyyyywwwroorooroobbbbbbbbb
600,F1 D0 L2 B0 U1 L1 B2 U1 F1 B0 ,worgwrgwogbborbrbbwoyrgbygybwbryyywogyrgoyrgowyowbowrg
601,D0 L2 B0 U1 L1 B2 U1 F1 B0 ,worgwrgorbbbwrbbbbybyoggwryryoryyywogyogowrggwyowbowrg
602,L2 B0 U1 L1 B2 U1 F1 B0 ,worgwrgorbbbwrbwryybyoggrggyrrwyyoyogyogowwrgwyowbobbb
603,B0 U1 L1 B2 U1 F1 B0 ,yorwwroorbbbwrbwrybbyoggoggwrrgyygyogrwwogoygwyrwbobby
604,U1 L1 B2 U1 F1 B0 ,bbywwroorbbowrywrgbbyoggoggwrrgyygworrwoogyygbwwbbyyor
605,L1 B2 U1 F1 B0 ,yrrbwobwobbywrywrgrrwoggoggwrrgyygwobwwoogyygbbobbyyor
606,B2 U1 F1 B0 ,rrrowoowobbywrywrgwrwggggggrrryyyowowggwoyboybbbbbbyoy
607,U1 F1 B0 ,owoowoowobbbwrwwrwwrwggggggrrryyyrrrgggyoyyoyyoybbbbbb
608,F1 B0 ,ooowwwooowrwwrwwrwgggggggggrrryyyrrryoyyoyyoybbbbbbbbb
609,B0 ,ooowwwwwwrrwrrwrrwgggggggggyyyyyyrrryooyooyoobbbbbbbbb
610,L2 F2 D1 U1 L2 B1 F2 D1 B1 U0 ,gowwwybwyoborrywooobgggbggrwwbyywyywrryoorborgbyrbgbgr
611,F2 D1 U1 L2 B1 F2 D1 B1 U0 ,wowywyywyoborrywoorbgggbygrgwbwywbywrobrooyrrgbgrbgbgo
612,D1 U1 L2 B1 F2 D1 B1 U0 ,wowywybwgrbooryboorgybgggbrywywywbywrowroryrogbgrbgbgo
613,U1 L2 B1 F2 D1 B1 U0 ,wowywybwgrboorybgorgybggbooywwwyyywbrowrorgbrgbgrbgyro
614,L2 B1 F2 D1 B1 U0 ,wygowwwybrgyorybgorowbggbooywwwyyywbgbgrorgbrrborbgyro
615,B1 F2 D1 B1 U0 ,yygwwwyybrgyorybgooowgggooowwwoyywwbrbgrorgbgrbbrbbyrr
616,F2 D1 B1 U0 ,grrwwwyybrgyorybggoowgggooowwwoyyoyywbgworbbgbbrbbrrry
617,D1 B1 U0 ,grrwwwwwwggyrrygggooogggwoobyyoyyoyywbbwoobbrbbrbbrrry
618,B1 U0 ,grrwwwwwwggyrryrryoooggggggyyyyyyboowbbwoowoobbrbbrbbr
619,U0 ,wwwwwwwwwgggrrrrrroooggggggyyyyyyyyybbboooooorrrbbbbbb
620,U1 D2 B0 R2 D1 B2 F0 R2 D0 B1 ,bwbywrgorggwwryybyrgwggbwrbgyroyryyowbywowgborooobrbgo
621,D2 B0 R2 D1 B2 F0 R2 D0 B1 ,brrwwobygrgwwryybywbyggbwrbgyroyryyoroowowgboggwobrbgo
622,B0 R2 D1 B2 F0 R2 D0 B1 ,brrwwobygrgwwrygbowbyggbbgooyyryorygroowowybyggwobrwrb
623,R2 D1 B2 F0 R2 D0 B1 ,wyowwobygrggwrygbrwbyggbbgooyyryorwyroorowbbywogrbgbrw
624,D1 B2 F0 R2 D0 B1 ,wyywwobyyrbgyrwggrwbbggrbgwoyoryorwgroorowbbyoogbbgyrw
625,B2 F0 R2 D0 B1 ,wyywwobyyrbgyrwyrwwbbggrggroogyyworrroorowbgwoogbbgbby
626,F0 R2 D0 B1 ,rrowwobyyrbbyrryrrwbbggrggroogyywyywwoowowggwybbgbbgoo
627,R2 D0 B1 ,rrowwowwobbbyrryrrggwggbrrbyyryywyywwoowoogggybbgbbgoo
628,D0 B1 ,rrrwwwwwwrryrrybbbggggggrryyyoyyoyyowoowoogggbbbbbbwoo
629,B1 ,rrrwwwwwwrryrryrrygggggggggyyyyyyooowoowoowoobbbbbbbbb
630,B1 D2 R2 F1 L2 R2 D2 F0 L2 B0 ,yroywwooryrwyrwwowgggbggbbgoyrwyywworryoorroybgbbbbggb
631,D2 R2 F1 L2 R2 D2 F0 L2 B0 ,rorywwooryryyrrwoogggbggbbgoyrwyywwwwryworooybbbgbgbbg
632,R2 F1 L2 R2 D2 F0 L2 B0 ,rorywwooryryyrrooygggbggbbgwwwyywryowryworwoobbbgbgbbg
633,F1 L2 R2 D2 F0 L2 B0 ,rowywwoooyoorryyryggbbggbbbwwryywryrwryworwoogbbgbggbg
634,L2 R2 D2 F0 L2 B0 ,rowywwyryroowrywrybgbggbgbbyroyywryrwrowoowoogbbgbggbg
635,R2 D2 F0 L2 B0 ,yowywwrryroowrywryggbggbbbbrroyywyyroowooworwgbggbggbb
636,D2 F0 L2 B0 ,yooywwrrryrwyrwoorggggggbbgrrwyywyyyoowooworwbbgbbgbbb
637,F0 L2 B0 ,yooywwrrryrwyrworwggggggbbbyyywyywrroowoowoorbbgbbgbbg
638,L2 B0 ,yooywwrwwrrwrrwrrwbggbggbggoyywyywrrooyooyooybbgbbgbbg
639,B0 ,ooowwwwwwrrwrrwrrwgggggggggyyyyyyrrryooyooyoobbbbbbbbb
640,R2 D1 U2 R2 L0 B0 R2 D1 B1 U2 ,gwbwwyrwwgooyrrgorbgoogboyryrwrygyybyoyrobrgbwbobbwwgg
641,D1 U2 R2 L0 B0 R2 D1 B1 U2 ,gwwwwgrwbrogrryoogbgwogboywyrbryyyywyoyrobrgbrbobbwogg
642,U2 R2 L0 B0 R2 D1 B1 U2 ,gwwwwgrwbrogrryoggbgwogboogbywryyyryyoyroboywrbobbwrgb
643,R2 L0 B0 R2 D1 B1 U2 ,bwrgwwwwgyoyrryoggrboogboogbywryyyryrogroboywbgwbbwrgb
644,L0 B0 R2 D1 B1 U2 ,bwwgwywwyggoyrryoyrbrogboobbyrrywyrgrogroboywggwbbwogb
645,B0 R2 D1 B1 U2 ,bwwwwywwyggoyrryoybbrggbwobryroyworgorryoowbgggybbrogb
646,R2 D1 B1 U2 ,orywwywwygggyrryoobbrggbwobryroywoywwrrwoobbgobggbgbry
647,D1 B1 U2 ,orrwwwwwwooyrrygggbbbgggwooryyoyyoyywrrwoobbgbbgbbgrry
648,B1 U2 ,orrwwwwwwooyrryrrybbbggggggyyyyyyroowrrwoowoobbgbbgbbg
649,U2 ,wwwwwwwwwooorrrrrrbbbggggggyyyyyyyyyrrroooooogggbbbbbb
650,L2 D1 B2 R1 U0 B1 F0 U2 R0 L2 ,yorywgrbbwybrrwyboyrorggrobgwrryoobgoogwowbywwgggbbwyy
651,D1 B2 R1 U0 B1 F0 U2 R0 L2 ,gorrwgobbwybrrwyboyrobgggobywryyorbgwybwowgoowgrgbrwyy
652,B2 R1 U0 B1 F0 U2 R0 L2 ,gorrwgobbwybrrwwyyyrobggyborogwybyyrwybwowgobwgrgbrgoo
653,R1 U0 B1 F0 U2 R0 L2 ,ryyrwgobbwygrrwwywyrobggyborogwybrogyybwowboboogrbgrgw
654,U0 B1 F0 U2 R0 L2 ,ryrrwrobogwwyrywrwyrybggybbroowygrooyybwowbobgogbbgggw
655,B1 F0 U2 R0 L2 ,orrbwyorrgogyrywrwgwwbggybbroowygrooyrywowbobyybbbgggw
656,F0 U2 R0 L2 ,bwybwyorrgooyrrwrrgwwbggybbroowygwygrryoowoobbgwybgybg
657,U2 R0 L2 ,bwybwybwyooorrrrrrybgbgwbgwwygwygwygrrroooooobgwybgybg
658,R0 L2 ,ywbywbywbrrrrrrrrrbgwbgwbgwwygwygwygoooooooooybgybgybg
659,L2 ,ywwywwywwrrrrrrrrrbggbggbggwyywyywyyooooooooobbgbbgbbg
660,L0 U2 F1 L1 B1 D1 R1 F2 U1 B0 ,wgrowobbowwgyrbrrywoggggyywrrgrywoyobyooorybbywrwbgbbg
661,U2 F1 L1 B1 D1 R1 F2 U1 B0 ,ggrgworbowwgyrbrrywogoggbywwrggywyyoyobboybroywowbrbbr
662,F1 L1 B1 D1 R1 F2 U1 B0 ,obrowgrggyobyrbrryywooggbywwrggywyyowwgboybrowogwbrbbr
663,L1 B1 D1 R1 F2 U1 B0 ,obrowgyyrgobrrbwryogwwgyyobgyogywyyowwgbogbrrwogwbrbbr
664,B1 D1 R1 F2 U1 B0 ,obrwwgyyrgobrrbwryggwggyyobryorywgyoggrworwbbwoywbobbo
665,D1 R1 F2 U1 B0 ,wwgwwgyyrgoorrbwrrggwggyyobryorywybbggryorobbyooobbwwb
666,R1 F2 U1 B0 ,wwgwwgyyrgoorrbwwbggwggywrrowbyybrryggryoryobyooobbobb
667,F2 U1 B0 ,wwowwoyyyobborwgrwggggggwrrowwyyyrrrggryoryobyoobbbbbb
668,U1 B0 ,wwowwowwobbbrrwrrwrrwggggggyyyyyyrrrgggyooyooyoobbbbbb
669,B0 ,ooowwwwwwrrwrrwrrwgggggggggyyyyyyrrryooyooyoobbbbbbbbb
670,R1 F1 U0 L1 F0 R0 U2 L2 R2 F0 ,ggwrwwbrrbggrryrrooyybgbbgbwowbywgygrgyooooworyyobwwby
671,F1 U0 L1 F0 R0 U2 L2 R2 F0 ,ggwrwobrrgyogrrbrroywbgwbgrwoybybgybrgyoooowogyywbwwby
672,U0 L1 F0 R0 U2 L2 R2 F0 ,ggwrwoggbyyoorrwrrwwryggobbyoobybgybrgroorowbgyywbwwby
673,L1 F0 R0 U2 L2 R2 F0 ,grggwgbowgyyorrwrryyoyggobbyoobybgybwwroorowbrgrwbwwby
674,F0 R0 U2 L2 R2 F0 ,yrgywgoowgyyorrwrryyobgggbbyoowybrybrrbwowwoorgbwbgwbg
675,R0 U2 L2 R2 F0 ,yrgywgowboyyorrwrrgbybgybgowogwybrybrrywoowoorgbwbgwbg
676,U2 L2 R2 F0 ,yryywyowowoorryrrygbgbgbbgbwowwywryrrrywoowoobgbgbggbg
677,L2 R2 F0 ,owoywyyryrryrryrrybgbbgbbgbwowwywryrwoowoowoogbggbggbg
678,R2 F0 ,wwowwyrryrryrryrryggbggbggboowyywyyroowoowoowgbbgbbgbb
679,F0 ,wwwwwwrrryrryrryrrgggggggggoooyyyyyyoowoowoowbbbbbbbbb
680,B1 F0 D1 L0 U2 R0 B0 D1 L1 R1 ,oggwwbbryroyrryooorgbygbgybybyryggwgbowwoorworywrbgwbw
681,F0 D1 L0 U2 R0 B0 D1 L1 R1 ,rwbwwbbryroorrgoogrgbygbgybybyrygoyygowwoogwowgwybbrrw
682,D1 L0 U2 R0 B0 D1 L1 R1 ,rwbwwboowboorrgyoggyryggbbborrrygoyygoywobgwywgwybbrrw
683,L0 U2 R0 B0 D1 L1 R1 ,rwbwwboowboorrgrrwgyryggyogrgyryyorogoywobbbbwgwybbgwy
684,U2 R0 B0 D1 L1 R1 ,ywbbwbwowboorrgrrwryrwggoogggyyyyyrobwgboobbywgoybrgwr
685,R0 B0 D1 L1 R1 ,wowbwbbwybwgrrgrrwwgowggoogggyyyyyrobooboobbyryrybrgwr
686,B0 D1 L1 R1 ,woobwgbwgrrbrrwwggwgywgyooogggyyyyrrbooboobbyyyrbbrwwr
687,D1 L1 R1 ,bwgbwgbwgrrrrrrwgywgywgyooogggyyybbboooooowbywbywbyrrr
688,L1 R1 ,bwgbwgbwgrrrrrrrrrwgywgywgygybgybgybooooooooowbywbywby
689,R1 ,wwgwwgwwgrrrrrrrrrggyggyggyyybyybyybooooooooowbbwbbwbb
690,U1 R1 B1 D2 U2 F0 B0 D0 L1 U0 ,owwowworbwrogrogbbgyoogyrbygrryywygwyyyrowbbwggbbbgror
691,R1 B1 D2 U2 F0 B0 D0 L1 U0 ,wwbwwrooogyogrogbbyyyogyrbygrryywygwggbrowbbwwrobbgror
692,B1 D2 U2 F0 B0 D0 L1 U0 ,wwrwwboowoobyrbgggyybogrrbogryyyyygyggbrowbbwwrowbgror
693,D2 U2 F0 B0 D0 L1 U0 ,brgwwboowoowyrwggryybogrrbogryyyygbbygbgowybwogrrbowwr
694,U2 F0 B0 D0 L1 U0 ,brgwwboowoowyrwybwyybogrwwrbbgyyyyrgygbgowggrogrrborbo
695,F0 B0 D0 L1 U0 ,woobwwgrbygbyrwybwogrogrwwrbbgyyyyrgoowgowggryybrborbo
696,B0 D0 L1 U0 ,woobwwrwwggbrrwbbwwoowggrrryyyyyyyrgoobgobgggyybrborbo
697,D0 L1 U0 ,bwwbwwrwwgggrrrbbywoowggrrryyyyyyoggooboobwggrrybbyoob
698,L1 U0 ,bwwbwwrwwgggrrrrrrwoowggwggoyygyygyyoobooboobrrybbybby
699,U0 ,wwwwwwwwwgggrrrrrroooggggggyyyyyyyyybbboooooorrrbbbbbb
700,D2 R1 B2 F1 R2 U0 D2 R2 U1 F2 ,ywgwwgbrgwyyrroobyrgrbgwwrboyybywooboowroygobrggybbrgw
701,R1 B2 F1 R2 U0 D2 R2 U1 F2 ,ywgwwgbrgwyyrrogobrgrbgwrgwboowybyyooowroyobyrggybbwrb
702,B2 F1 R2 U0 D2 R2 U1 F2 ,ywwwwybrryobyrowrgrggbggrggborwywyywoowroyobyoggbbborb
703,F1 R2 U0 D2 R2 U1 F2 ,wyywwybrryooyrrwrorggbggrggborwywwwygowooybbybrobbbggo
704,R2 U0 D2 R2 U1 F2 ,wyywwyyywrooorrbroggggggrbrwyywywwwygoroorbbbbrobbbggo
705,U0 D2 R2 U1 F2 ,wyywwwyyyorbrrooorgggggbrbbwyywyywwwgoroorbbbrrogbbggo
706,D2 R2 U1 F2 ,ywwywyywyrrorrooororbggbrbbwyywyywwwgggoorbbbgorgbbggo
707,R2 U1 F2 ,ywwywyywyrrorrobbborbggbggowwwyywyywgggooroorgorgbbrbb
708,U1 F2 ,ywwywwywwbbborrorrorrggggggwwwyyyyyygggoorooroorbbbbbb
709,F2 ,wwwwwwyyyorrorrorrgggggggggwwwyyyyyyoorooroorbbbbbbbbb
710,B2 R2 F0 D1 R1 L0 B1 U1 L1 D0 ,woowwybbygrbbrgbrgyyrrgwggwoorgygyrrooroowgywyybwbbwbo
711,R2 F0 D1 R1 L0 B1 U1 L1 D0 ,rrywwybbygrgbrobroyyrrgwggwoorgygoowgorgowbywobwbbwbyy
712,F0 D1 R1 L0 B1 U1 L1 D0 ,rrrwwgbbworborbgrgyybrgbggoooygyyooygorgowbywwbwwbwryy
713,D1 R1 L0 B1 U1 L1 D0 ,rrrwwgwwrbrbbrbwrggryggyobbgoogyyooygoogoobyywbwwbwryy
714,R1 L0 B1 U1 L1 D0 ,rrrwwgwwrbrbbrbryygryggywrgoyyoyoggogoogooobbwbwwbwbyy
715,L0 B1 U1 L1 D0 ,rrbwwwwwwbbyrrybbrgrrgggwrroyyoyyggggoogooobbobwobwyyy
716,B1 U1 L1 D0 ,yrbwwwwwwbbyrrybbrrrrwggwrrgyygyywggoggboobooobgoboyyo
717,U1 L1 D0 ,bbowwwwwwbbyrrrbbbrrrwggwrrgyygyyryywgggoogoogoobbyooy
718,L1 D0 ,owwbwwbwwrrrrrrbbbwggwggwrrgyygyyryygoogoogoobbybbyooy
719,D0 ,wwwwwwwwwrrrrrrbbbggggggrrryyyyyyyyyoooooogggbbbbbbooo
720,U0 F1 D2 L0 B0 F0 D1 U1 R0 L1 ,wwbowbrrboywrrbwggbbyygwyoogggyyryoroyygorggrrbbobwwwo
721,F1 D2 L0 B0 F0 D1 U1 R0 L1 ,rowrwwbbbrbbrrbwggoywygwyoogggyyryorbbygorggroyyobwwwo
722,D2 L0 B0 F0 D1 U1 R0 L1 ,rowrwwrrwgbbgrbgggwwoygooyyyrryyryorbbbgobggboyyobwwwo
723,L0 B0 F0 D1 U1 R0 L1 ,rowrwwrrwgbbgrbggbwwoygowworoyryyrrybbbgobgggoyyobwoyy
724,B0 F0 D1 U1 R0 L1 ,yowwwwyrwgbbgrbggbrworgorwowoyyyywryggbgobgbboyrobroyr
725,F0 D1 U1 R0 L1 ,bbbwwwyrwgbygrrggwrworgorwowoyyyygggwgboobybboooybyrrr
726,D1 U1 R0 L1 ,bbbwwwbbbybyrrrwgwrrrwgwooogggyyygggwgwoooybyoooybyrrr
727,U1 R0 L1 ,bbbwwwbbbybyrrrrrrrrrwgwwgwgyggyggygwgwoooooooooybyyby
728,R0 L1 ,bwbbwbbwbrrrrrrrrrwgwwgwwgwgyggyggygoooooooooybyybyyby
729,L1 ,bwwbwwbwwrrrrrrrrrwggwggwgggyygyygyyooooooooobbybbybby
730,B1 D1 U1 R1 D1 F0 L2 U0 R1 B1 ,ggwrwgogoyrgbrwbbrbybogwrbwborbyroogyywyowgyyrworboygw
731,D1 U1 R1 D1 F0 L2 U0 R1 B1 ,gyyrwgogoyrgbrgbbwbybogwrbwborbyrrwgoywoowgyyoowwbgrry
732,U1 R1 D1 F0 L2 U0 R1 B1 ,gyyrwgogoyrgbrgrrybybogwbbwrrgoywbbroywoowrbwoowwbggyy
733,R1 D1 F0 L2 U0 R1 B1 ,ygoywggrobybbrgrryoywogwbbwrrgoywbbroowoowrbwyrgwbggyy
734,D1 F0 L2 U0 R1 B1 ,yggywwgrybgyyrrbbroyooggbborrwoywbbwoowoowrbwrrgwbggyy
735,F0 L2 U0 R1 B1 ,yggywwgrybgyyrrgyyoyooggbbrwwwrybroboowoowbborrgwbgrbw
736,L2 U0 R1 B1 ,yggywwowwggyrrryyyboobgyrgogybrybroboowoowbbwrrgwbgrbw
737,U0 R1 B1 ,gggrwwrwwggyrrryyywooggyggoyybyyboobwbbwoowoorrrwbbrbb
738,R1 B1 ,rrgwwgwwgrrrrrryyyggyggyggoyybyyboobwoowoowoowbbwbbrbb
739,B1 ,rrrwwwwwwrryrryrrygggggggggyyyyyyooowoowoowoobbbbbbbbb
740,L2 B1 U0 R0 D0 F1 U2 L0 R0 D2 ,ogyrwrbbryyoorbgwrwrgoggrrobgywybbowwwoyoywgybygobbgwr
741,B1 U0 R0 D0 F1 U2 L0 R0 D2 ,bgywwrbbryyoorbgwrrrgbgggroogyrybbowygwyoyowwbyrobogww
742,U0 R0 D0 F1 U2 L0 R0 D2 ,oyywwrbbryyborggwyrrgbgggroogyrybrbobgwooywwwrowybwbog
743,R0 D0 F1 U2 L0 R0 D2 ,bwobwyrryroworggwyyybbgggroogyrybrborrgooywwwbgwybwbog
744,D0 F1 U2 L0 R0 D2 ,bwbbwgrrogorwroygwyyybgbgroogbryyrbbrrgooywwwygwybwoog
745,F1 U2 L0 R0 D2 ,bwbbwgrrogorwrogroyyybgbwwwrrobygbybrrgooyoogygwybwygw
746,U2 L0 R0 D2 ,bwbbwggwgoorrrorroybwygwybwgygbygbybrroooroorygwybwygw
747,L0 R0 D2 ,gwggwbbwbrrorrorroygwygwybwgygbygbyboorooroorybwybwygw
748,R0 D2 ,wwgwwbwwbrrorrorroggwggwbbwyygyygyyboooooorrrybbybbygg
749,D2 ,wwwwwwwwwrrrrrroooggggggbbbyyyyyyyyyoooooorrrbbbbbbggg
750,L0 B0 F2 R2 B2 U2 D0 R0 L2 U1 ,grrgwywgrwbworwrogorbygbooygwbryybbyoobrogywygywgbbrwo
751,B0 F2 R2 B2 U2 D0 R0 L2 U1 ,orrbwywgrwbworwroggrbggbwoyowbyyyobyyrowooygbgybgbrrwg
752,F2 R2 B2 U2 D0 R0 L2 U1 ,wwgbwywgrwbyorbroogrbggbwoyowbyyyywyrrorooogbrggwbygrb
753,R2 B2 U2 D0 R0 L2 U1 ,wwgbwybwobbyorboooyowbggbrgrgwyyyywyrrrrooogwrggwbygrb
754,B2 U2 D0 R0 L2 U1 ,wwwbwybwyooobroybbyogbgwbrrrggyyyyworrrrooogwggggbywrb
755,U2 D0 R0 L2 U1 ,owybwybwyooobrrybryogbgwbrrrggyyywwwbrroooogwbrwybgggg
756,D0 R0 L2 U1 ,ywbywbywobrrbrrybrbrwbgwbrrrggyyywwwooooooogwyogybgggg
757,R0 L2 U1 ,ywbywbywobrrbrrbrrbrwbgwogwwyrwygwygoooooogggyogybgybr
758,L2 U1 ,ywwywwywwbbbrrrrrrbrrbggoggwyywyywyyoooooogggoogbbgbbr
759,U1 ,wwwwwwwwwbbbrrrrrrrrrggggggyyyyyyyyygggooooooooobbbbbb
760,R2 L2 B1 U0 F2 R0 B1 L2 U1 R1 ,wrywwyyyyorooroygggogygggrbogrryybwrbgrbobowwbbrbbwwow
761,L2 B1 U0 F2 R0 B1 L2 U1 R1 ,wrrwwyyyrggyoroorogowygbgrbogyryybwybgrbobowwbbrgbwgow
762,B1 U0 F2 R0 B1 L2 U1 R1 ,orrrwybyrggyoroorowowwgbrrbwgywyyywywwobobrgbbbggbygog
763,U0 F2 R0 B1 L2 U1 R1 ,rbwrwybyrggoorrorrwowwgbrrbwgywyyooyywowobygbgygbbobgg
764,F2 R0 B1 L2 U1 R1 ,brrywbrywgygorrorrggowgbrrbwgywyyooywowwobygbywobbobgg
765,R0 B1 L2 U1 R1 ,brrywbygwbygbrrwrrbrrbgwoggwyrwyyooywoowooyggywobbobgg
766,B1 L2 U1 R1 ,brrywwyggwbbrryrrgbrrbgyogywybwybooywoowooyggwwobborgg
767,L2 U1 R1 ,ywwywwyggwbbrrrrrrbrrbgyogywybwybgybooooooyggoogwbgwbr
768,U1 R1 ,wwwwwwgggwbbrrrrrrrrrggyggyyybyybyybggyooooooooowbbwbb
769,R1 ,wwgwwgwwgrrrrrrrrrggyggyggyyybyybyybooooooooowbbwbbwbb
770,F1 B1 R1 F0 U0 B2 D0 U2 R1 L1 ,bbygwrgggwborrwrobyrrwgygyyrbbyyyororoobooggybwwgbowww
771,B1 R1 F0 U0 B2 D0 U2 R1 L1 ,bbygwrwrrbbobrwrobryyrgyywgooyyyyororogboggggbwwgbowww
772,R1 F0 U0 B2 D0 U2 R1 L1 ,gbrgwrwrrbbbbrbroyryyrgyywgooyyyybwooogrogoggwowwbwbgw
773,F0 U0 B2 D0 U2 R1 L1 ,gbbgwwwrwbbybrobbrryrrgrywrooyyyybwgoogrogoggoowybwygw
774,U0 B2 D0 U2 R1 L1 ,gbbgwwgggwbyrrowbryrrwgyrrrbbbyyybwgooorooogyoowybwygw
775,B2 D0 U2 R1 L1 ,ggggwbgwboowrrowbrwbywgyrrrbbbyyybwgyrrrooogyoooybwygw
776,D0 U2 R1 L1 ,gwbgwbgwbooorrrwbywbywgyrrrbbbyyygggrrrooowgywgywbyooo
777,U2 R1 L1 ,gwbgwbgwbooorrrrrrwbywgywgygybgybgybrrroooooowgywbywby
778,R1 L1 ,bwgbwgbwgrrrrrrrrrwgywgywgygybgybgybooooooooowbywbywby
779,L1 ,bwwbwwbwwrrrrrrrrrwggwggwgggyygyygyyooooooooobbybbybby
780,D0 U1 R0 B1 U1 D1 L1 F2 R2 U2 ,yyyywrroobgogrbgyrwwwwgwgowrgobyobyworbborrrybggwbogby
781,U1 R0 B1 U1 D1 L1 F2 R2 U2 ,yyyywrroobgogrbgowwwwwgwrrybbryygwooorbborgbybggwbogyr
782,R0 B1 U1 D1 L1 F2 R2 U2 ,yroywoyyrwwwgrbgoworbwgwrrybbryygwoobggborgbybgowbogyr
783,B1 U1 D1 L1 F2 R2 U2 ,yrbywwyyyggworwwbworrwggrrobbgyywwobbggborgbyrgoobooyr
784,U1 D1 L1 F2 R2 U2 ,gbbywwyyyggyorrwbborrwggrrobbgyywwwwwggoorbbyoorgbyroo
785,D1 L1 F2 R2 U2 ,bwybwygyyorrorrwbbwggwggrrobbgyywwwwooroorbbyggygbyroo
786,L1 F2 R2 U2 ,bwybwygyyorrorrroowggwggwbbgwwbywbywooroorrroggygbybby
787,F2 R2 U2 ,wwywwywyyorrorrroogggbggbbbywwyywyywrroooroorggggbbbbb
788,R2 U2 ,wwywwywwyrrrrrrooobbbggbgggyywyywyywrrrooooooggggbbbbb
789,U2 ,wwwwwwwwwooorrrrrrbbbggggggyyyyyyyyyrrroooooogggbbbbbb
790,U1 D1 R2 L2 U1 D0 L1 U0 B0 F0 ,yoorwbgrrwyywrybryobbygbwoorwwgyyrwbbgwboogwgggogborry
791,D1 R2 L2 U1 D0 L1 U0 B0 F0 ,obrowryrgobbwrybrybgwygbwoorwwgyyrwbggoboogwgwyygborry
792,R2 L2 U1 D0 L1 U0 B0 F0 ,obrowryrgobbwryrrybgwygbbrywybwywrgrggoboowoowyygbogwg
793,L2 U1 D0 L1 U0 B0 F0 ,obbowwyrryrryrwbbobggyggbrwwyrwyrrggggoboowooyyybbowwg
794,U1 D0 L1 U0 B0 F0 ,wbbwwwrrryrryrwbbogggoggyrwoyroyryggoowooboggyybbbywwb
795,D0 L1 U0 B0 F0 ,bwrbwrwwrgggyrwbbooowoggyrwoyroyryggyybooboggyrrbbywwb
796,L1 U0 B0 F0 ,bwrbwrwwrgggyrwyrwoowoggoggyoogyygrryyboobwwbyrrbbybbo
797,U0 B0 F0 ,owrowrowrgggyrwyrwyowggggggoooyyyrrrbbbyowyowyrwbbbbbb
798,B0 F0 ,ooowwwrrryrwyrwyrwgggggggggoooyyyrrryowyowyowbbbbbbbbb
799,F0 ,wwwwwwrrryrryrryrrgggggggggoooyyyyyyoowoowoowbbbbbbbbb
800,F0 L0 D1 B0 U0 F1 D1 L0 B0 D0 ,oobywgywybyorrwgggogoogbrwybbrbyrwyrwogbogryywwgrbowrb
801,L0 D1 B0 U0 F1 D1 L0 B0 D0 ,oobywgyggyyowrwyggroowggybogrbbyrwyrwobbobryrwwgrbowrb
802,D1 B0 U0 F1 D1 L0 B0 D0 ,bobowggggyyowrwyggoooyggyborrbwyryyrrbwyoorbbwwwrbbwrg
803,B0 U0 F1 D1 L0 B0 D0 ,bobowggggyyowrwwrgoooyggyggbrrryyrwyrbwyooybowwwrbbrbb
804,U0 F1 D1 L0 B0 D0 ,owgowggggyyywrwwrroooyggyggbrrryyryybbwooobborrwbbwbbw
805,F1 D1 L0 B0 D0 ,googwwgggrrwwrwwrryyyyggyggbrrryyryyoooooobbobbwbbwbbw
806,D1 L0 B0 D0 ,googwwrwwrrwrrwbrryggyggyyyoooryyryyoogoogbbgbbwbbwbbw
807,L0 B0 D0 ,googwwrwwrrwrrwbbwyggyggbrroyyoyyorroogoogyyybbwbbwbbg
808,B0 D0 ,goowwwwwwrrwrrwbbwggggggrrryyyyyybrryooyooyggbbobbobbo
809,D0 ,wwwwwwwwwrrrrrrbbbggggggrrryyyyyyyyyoooooogggbbbbbbooo
810,L1 B2 R2 F2 B1 L2 D2 B0 U2 R0 ,wowbwybrrbooyroyoroyygggrbgywowywbwbryyrororggggbbbwgw
811,B2 R2 F2 B1 L2 D2 B0 U2 R0 ,oowgwyrrrbooyroyoryyywggbbgwwobywgwbyrgyorrroggbbbbwgw
812,R2 F2 B1 L2 D2 B0 U2 R0 ,bwggwyrrrboryryyoyyyywggbbgwwobywwoorrgoororowgwbbbbgg
813,F2 B1 L2 D2 B0 U2 R0 ,bwogwwrroyoyyryrobyybwgbbbwwwgbyyworrrgoororoggwgbbygg
814,B1 L2 D2 B0 U2 R0 ,bwogwwgwwooyrrygobwbbbgwbyyorrbyyworrrrooyoryggwgbbygg
815,L2 D2 B0 U2 R0 ,oorgwwgwwoobrrwgoowbbbgwbyyorrbyybyywrrooyrrywbggbgggy
816,D2 B0 U2 R0 ,oorbwwbwwoobrrwgooybbggwgyyorrgyygyyyrryoorrwwbbgbbggw
817,B0 U2 R0 ,oorbwwbwwoobrrwrrwybbggwggwyygyygrroyrryoogoowbbgbbgyy
818,U2 R0 ,bwwbwwbwwooorrrrrrybbggwggwyygyygyygrrrooooooggwybbybb
819,R0 ,wwbwwbwwbrrrrrrrrrggwggwggwyygyygyygoooooooooybbybbybb
820,D2 L2 B1 D2 F2 B2 L2 U2 D2 R1 ,booywwoygroworworggbyggbywbrrygybwwrroyroyorbbgwbbywgg
821,L2 B1 D2 F2 B2 L2 U2 D2 R1 ,booywwoygroworworbgbyggbwggrwwbygyrrroyroyorgbgwbbyywb
822,B1 D2 F2 B2 L2 U2 D2 R1 ,roobwwyygroworworbbbyygbwggbwwyygorrgroyoryorbgwbbgywg
823,D2 F2 B2 L2 U2 D2 R1 ,yygbwwyygrororoorobbyygbwggbwwyygbwworororrorwgggbwbby
824,F2 B2 L2 U2 D2 R1 ,yygbwwyygrororororbbyygbbbywwbgyywwbororororowgggbwwgg
825,B2 L2 U2 D2 R1 ,yygbwwbwwoorrrooorybbbgyybbgyygyywwborrrooorrwgggbwwgg
826,L2 U2 D2 R1 ,bwwbwwbwwooorrroooybbbgyybbgyygyygyyrrrooorrrggwwbgggw
827,U2 D2 R1 ,gwwgwwgwwooorrrooowbbggywbbbyybyybyyrrrooorrrggywbbggy
828,D2 R1 ,wwgwwgwwgrrrrrroooggyggywbbbyybyybyyoooooorrrwbbwbbggy
829,R1 ,wwgwwgwwgrrrrrrrrrggyggyggyyybyybyybooooooooowbbwbbwbb
830,F0 B0 R2 U1 F0 L0 B1 F1 L1 D0 ,wowwwyryowbborryboyogrggrwbgorbyrorybgggowbwwobrybyggy
831,B0 R2 U1 F0 L0 B1 F1 L1 D0 ,wowwwywwgrbbyrroborrywgobggyowbyrorybgggoobwrobrybyggy
832,R2 U1 F0 L0 B1 F1 L1 D0 ,browwywwgrbyyrroborrywgobggyowbyrbgbwggooowwrgyogbbyyr
833,U1 F0 L0 B1 F1 L1 D0 ,brwwwrwwboborryybrrrywggbggyoobyybggwggooowwrgyoobbyyr
834,F0 L0 B1 F1 L1 D0 ,wrbrwwbwwrryrryybrwggwggbggyoobyybgggyoooowwroboobbyyr
835,L0 B1 F1 L1 D0 ,wrbrwwroobrywrywbrbwwggggggyrrbyybgggyyooowwooboobbyyr
836,B1 F1 L1 D0 ,rrbbwwooobrywrywbrwwwrggrggbrrgyygggwogwoyooyobbobbyyy
837,F1 L1 D0 ,owwbwwooobrrwrrwbbwwwrggrggbrrgyyryygoggoygoybbybbyooy
838,L1 D0 ,owwbwwbwwrrrrrrbbbwggwggwrrgyygyyryygoogoogoobbybbyooy
839,D0 ,wwwwwwwwwrrrrrrbbbggggggrrryyyyyyyyyoooooogggbbbbbbooo
840,D2 R2 B1 U0 F2 D0 R2 F0 B2 U0 ,oygywwywobrwyrwogbrbwbgogbyrrgwyorrwybbyoowgyogbobrrgg
841,R2 B1 U0 F2 D0 R2 F0 B2 U0 ,oygywwywobrwyrwwgyrbwbgorggwrroywgrrybbyooogbogbobrgby
842,B1 U0 F2 D0 R2 F0 B2 U0 ,oyrywwywrygwwrywrbrbgbgorgowrgoywgroybbyooogbggbobrwby
843,U0 F2 D0 R2 F0 B2 U0 ,oyyywwywrygowrywrrrbgbgorgowrgoywbywgbbrooogbbrygbbgow
844,F2 D0 R2 F0 B2 U0 ,yyowwyrwybrywrywrrygobgorgowrgoywbywrbgrooogbgbbgbbgow
845,D0 R2 F0 B2 U0 ,yyowwygrwbryorygrrogrogbogyywroywbywrbwrowogbgbbgbbgow
846,R2 F0 B2 U0 ,yyowwygrwbryoryogyogrogbogbboyyywwwrrbwrowgowgbbgbbgrr
847,F0 B2 U0 ,yyywwwgrrygoyroyrboggoggoggbooyyywwwrbwrowgowbbbbbbrrr
848,B2 U0 ,yyywwwwwwggorrorrboooggggggyyyyyywwwrbbroogoobbbbbbrrr
849,U0 ,wwwwwwwwwgggrrrrrroooggggggyyyyyyyyybbboooooorrrbbbbbb
850,B0 F2 D0 B2 U2 L2 D0 F0 L1 R1 ,yrygworybrwgorgryrbbwggygbwowgbyrbwgbryboyorwowooboygw
851,F2 D0 B2 U2 L2 D0 F0 L1 R1 ,ggrgworybrwgorwrybbbwggygbwowgbyrbboyryroyyrwyoogbwwoo
852,D0 B2 U2 L2 D0 F0 L1 R1 ,ggrgwogwowwgyrwyybwbgyggwbbbyrbyrbboyrrrooyrryoogbwwoo
853,B2 U2 L2 D0 F0 L1 R1 ,ggrgwogwowwgyrwwbbwbgyggyrrbbbbyyorryrrroowooyoogbwyyb
854,U2 L2 D0 F0 L1 R1 ,rrogwogwowwwyrrwbywbgyggyrrbbbbyyrggbrrwoogoobyywbgooy
855,L2 D0 F0 L1 R1 ,owgowgorrbrryrrwbybyyyggyrrbbbbyyrggwwwwoogoowbgwbgooy
856,D0 F0 L1 R1 ,bwgbwgrrrbrryrrwbyyyyggggrrobboyyoggoogoowwwwwbywbyoob
857,F0 L1 R1 ,bwgbwgrrrbrryrrgrryyygggwwwooogybgyboogoowoobwbywbywby
858,L1 R1 ,bwgbwgbwgrrrrrrrrrwgywgywgygybgybgybooooooooowbywbywby
859,R1 ,wwgwwgwwgrrrrrrrrrggyggyggyyybyybyybooooooooowbbwbbwbb
860,B1 D1 U2 R1 D0 F0 B1 R1 U0 L0 ,grbgwwygyobwwrbbrwrwgogooyywoobybwwgrybrogbogrgyybyrro
861,D1 U2 R1 D0 F0 B1 R1 U0 L0 ,brrgwwygyobgwrrbrbrwgogooyywoobybwbwwybwoggogyyogbrryr
862,U2 R1 D0 F0 B1 R1 U0 L0 ,brrgwwygyobgwrrryrrwgogobrbobwoybwbwwybwogoyyyyogbrgog
863,R1 D0 F0 B1 R1 U0 L0 ,ygywwgrrbwybwrrryryyoogobrbobwoybwbwobgwogoyyrwggbrgog
864,D0 F0 B1 R1 U0 L0 ,yggwwgrrrbrryrywwryyyoggbrbobooyowbbobgwogoyywwgbbrwog
865,F0 B1 R1 U0 L0 ,yggwwgrrrbrryrybrbyyyoggoyywoobybbooobgwogwogwwgbbrwwr
866,B1 R1 U0 L0 ,yggwwggggrrrrryrrbooyygyygybybbybbooobwwoowoowwgbbrwwr
867,R1 U0 L0 ,wwowwggggrryrrgrrgooyygyygybybbybbyrbbwoooooogrrwbwwbw
868,U0 L0 ,wwwwwwgggyggrrrrrroooyggyggbyybyybyybbwoooooorrrbbwbbw
869,L0 ,gwwgwwgwwrrrrrrrrryggyggyggbyybyybyyooooooooobbwbbwbbw
870,B0 D1 R1 L1 B0 R0 D2 L0 F0 B2 ,wrygwwgrryrbyrogbyygggggoowbyorywrooroobowbbwrygwbybbw
871,D1 R1 L1 B0 R0 D2 L0 F0 B2 ,boygwwgrryroyrogbrygggggoowbyorywrbbyoorowwbwbwrbbywyg
872,R1 L1 B0 R0 D2 L0 F0 B2 ,boygwwgrryroyrowygyggggggbrowbyybbrryoorowoowbwrbbywbw
873,L1 B0 R0 D2 L0 F0 B2 ,bowgwbgrboogrryyywygyggwgbrowgyygbrryoorowoowrwrbbybbw
874,B0 R0 D2 L0 F0 B2 ,yowgwbgrboogrryyywogyygwbbrwwgyygrrrowwoooyrorwgbbgbbb
875,R0 D2 L0 F0 B2 ,gywgwbgrboorrrryyrogyygwbbrwwgyygooywwwoooyrobbrbbwbgg
876,D2 L0 F0 B2 ,gyygwwgrryroyrorrroggyggbbywwbyyboobwwwoooyrobbrbbwwgg
877,L0 F0 B2 ,gyygwwgrryroyroyrooggyggwggboobyybwwwwwooorrrbbrbbwbby
878,F0 B2 ,yyywwwrrryroyroyrogggggggggoooyyywwwrowrowrowbbbbbbbbb
879,B2 ,yyywwwwwwrrorrorrogggggggggyyyyyywwwroorooroobbbbbbbbb
880,B2 R1 L1 U2 F1 B1 U2 F2 B2 D2 ,grgbwggogyyworrwwyrbowgyogrbobgybbrbwyyrooywwobrybwrgo
881,R1 L1 U2 F1 B1 U2 F2 B2 D2 ,brbbwggogyyyorrwwwrbowgyogrbobgybgrgyyyroowwwogrwbyrbo
882,L1 U2 F1 B1 U2 F2 B2 D2 ,brrbwwgooyrwyrwyowrbbwggoggboogyygrryyyroowwwggrbbybbo
883,U2 F1 B1 U2 F2 B2 D2 ,rrrwwwoooyrwyrwyowbbbggggggoooyyyrrryowyowyrwgggbbbbbb
884,F1 B1 U2 F2 B2 D2 ,ooowwwrrryowyrwyowgggggggggoooyyyrrryrwyowyrwbbbbbbbbb
885,B1 U2 F2 B2 D2 ,ooowwwyyyooworwoowgggggggggwwwyyyrrryrryoryrrbbbbbbbbb
886,U2 F2 B2 D2 ,yyywwwyyyooooroooogggggggggwwwyyywwwrrrrorrrrbbbbbbbbb
887,F2 B2 D2 ,yyywwwyyyrrroroooobbbggggggwwwyyywwwooororrrrgggbbbbbb
888,B2 D2 ,yyywwwwwwrrrrrooooggggggbbbyyyyyywwwoooroorrrgggbbbbbb
889,D2 ,wwwwwwwwwrrrrrroooggggggbbbyyyyyyyyyoooooorrrbbbbbbggg
890,F2 U1 D1 L0 U1 B0 F0 R2 L0 F1 ,rgwywggbyryrorwgyyoybggbwwoooywyowwoyrwborggbbogbbrbrr
891,U1 D1 L0 U1 B0 F0 R2 L0 F1 ,rgwywgyoobyrrrwwyyowwbggbyoybgwyowwoyrgbooggrbogbbrbrr
892,D1 L0 U1 B0 F0 R2 L0 F1 ,wgogworyyowwrrwwyyyrgbggbyoybgwyowwobogbooggrbyrbbrbrr
893,L0 U1 B0 F0 R2 L0 F1 ,wgogworyyowwrrwbrryrgbggwyygoobywywwbogboobyobyrbbrggr
894,U1 B0 F0 R2 L0 F1 ,rgorworyyowwrrwbrrwrggggryyyoobywwwwbbbyoooogbyybbbggg
895,B0 F0 R2 L0 F1 ,ooygwyrrrwrgrrwbrrbbbgggryyyoobywwwwbyyyoooogowwbbbggg
896,F0 R2 L0 F1 ,gwrgwyrrrwrwrrwbrwbbbgggryyyoobywbyoyyyoooooggbogbwgbw
897,R2 L0 F1 ,gwrgwygoyrrwrrwrrwrgbygbygbbrwbywbyoyyyoooooogbogbwgbw
898,L0 F1 ,gwwgwwgoowrrwrrwrrrggyggyggbrrbyybyyyyyoooooobbobbwbbw
899,F1 ,wwwwwwooowrrwrrwrrgggggggggrrryyyyyyooyooyooybbbbbbbbb
900,U2 D0 B0 F2 L1 R2 U0 B0 R2 D1 ,yyywwrwbboyrbrybboryybgobgwwwrwyrgggrrgrowooogobgbgwoy
901,D0 B0 F2 L1 R2 U0 B0 R2 D1 ,bbwrwwyyyrrgbrybbogobbgobgwwwrwyrgggoyrrowoooryygbgwoy
902,B0 F2 L1 R2 U0 B0 R2 D1 ,bbwrwwyyyrrgbrybgwgobbgoooogwwgywgrroyrrowwoyryygbgbbo
903,F2 L1 R2 U0 B0 R2 D1 ,gywrwwyyyrrrbrrbgggobbgoooogwwgyworwwyrbowboybgrbbyogy
904,L1 R2 U0 B0 R2 D1 ,gywrwwwwgyrrwrrrggoooogbbogyyygyworwwybbobborbgrbbyogy
905,R2 U0 B0 R2 D1 ,oywowwbwgyrrwrrrggyooggboogyyyyywrrwbbryoowbbbgwbbrogg
906,U0 B0 R2 D1 ,oyyowwbwwggrrrwrryyooggboobyywyywrrgbbryoowbbggwbbrogg
907,B0 R2 D1 ,boowwywwyggwrrwrryggrggboobyywyywrrgyooyoowbbbbrbbrogg
908,R2 D1 ,wwywwywwygggrrrrrrggrggboobyywyywyywoooooobbbobbgbbgrr
909,D1 ,wwwwwwwwwrrrrrrgggggggggoooyyyyyyyyyoooooobbbbbbbbbrrr
910,U1 R1 L2 F1 R1 D0 U2 F1 L0 R1 ,rrwywobbwrybrrwboorwgwgwyyyobogygybgbgwboorrgoyygbrwog
911,R1 L2 F1 R1 D0 U2 F1 L0 R1 ,wowrwbrybrwgrrwboobgwwgwyyyobogygybgoyyboorrgrybgbrwog
912,L2 F1 R1 D0 U2 F1 L0 R1 ,wowrwgryrgwowrorrbbgwwgbyybobwgywybyoyyboorrggybgbroog
913,F1 R1 D0 U2 F1 L0 R1 ,oowgwgyyrgwowrorrbggwrgbbybwbwrywrbygrroobyyogyygbwoob
914,R1 D0 U2 F1 L0 R1 ,oowgwggwrwwobrowrbwbbggygrbrborywrbygrrooyyyygyygbwoob
915,D0 U2 F1 L0 R1 ,ooogwggwgoobwrrwbwwbwggggrrrbbryyrbbgrrooyyyyyyywbwoob
916,U2 F1 L0 R1 ,ooogwggwgoobwrrgrrwbwgggyyyrrrbybbybgrrooyoobyyywbwwbw
917,F1 L0 R1 ,gwggwgooogrrwrrgrryyygggyyyrrrbybbyboobooyoobwbwwbwwbw
918,L0 R1 ,gwggwggwgrrrrrrrrrygyygyygybybbybbybooooooooowbwwbwwbw
919,R1 ,wwgwwgwwgrrrrrrrrrggyggyggyyybyybyybooooooooowbbwbbwbb
920,U1 D1 F2 B1 R0 D2 U2 B2 L0 U1 ,bwowworwbwbborygbwggoggywrobyyryyrgoyowwoogbrybrgbrgry
921,D1 F2 B1 R0 D2 U2 B2 L0 U1 ,oobwwwbwrggoorygbwyowggywrobyyryyrgoybrwoogbrwbbgbrgry
922,F2 B1 R0 D2 U2 B2 L0 U1 ,oobwwwbwrggoorygryyowggygbwyyoyygbrrybrwoowrowbbgbrgbr
923,B1 R0 D2 U2 B2 L0 U1 ,oobwwwoyyogooryrrywbgyggwoyrwbyygbrrybgwoowrgwbbgbrgbr
924,R0 D2 U2 B2 L0 U1 ,wwywwwoyyogoororrbwbgyggwoyrwbyygyyobbgroorrgbrrbbbwgg
925,D2 U2 B2 L0 U1 ,wwgwwgoyyroorrgboowbbyggwoorwwyybyybbbgroorrgyrrwbbygg
926,U2 B2 L0 U1 ,wwgwwgoyyroorrgrrgwbbyggyggbyybyywwrbbgroobooyrrwbbwoo
927,B2 L0 U1 ,yyogwwgwwbbgrrgrrgyrryggyggbyybyywwrroorooboowbbwbbwoo
928,L0 U1 ,rwwgwwgwwbbbrrrrrryrryggyggbyybyyoyygoogoogoooowbbwbbw
929,U1 ,wwwwwwwwwbbbrrrrrrrrrggggggyyyyyyyyygggooooooooobbbbbb
930,U0 D1 L0 B1 U0 F0 R0 L0 U0 R0 ,rgwrwgboyooryrygyywwgbgggyyorrbyoywoggoroobwwbwwbbbbrr
931,D1 L0 B1 U0 F0 R0 L0 U0 R0 ,brrowgygwbwwyrygyyoorbgggyyorrbyoywowwgroobwwggobbbbrr
932,L0 B1 U0 F0 R0 L0 U0 R0 ,brrowgygwbwwyrybrroorbgggyyroorywobywwgroogyyggobbbbww
933,B1 U0 F0 R0 L0 U0 R0 ,wrrbwgogwbwwyrybrrboroggyyyooobywgbygrwyowyogggobbrbwr
934,U0 F0 R0 L0 U0 R0 ,yygbwgogwbwwyrrbrrboroggyyyooobywrywgrwbowyogorrgbwgbb
935,F0 R0 L0 U0 R0 ,obygwywggorryrrbrrbwwoggyyyooobywrywborbowyoggrwgbwgbb
936,R0 L0 U0 R0 ,obygwygwrwrrgrrgrryobygwygwbyobywrywboobooyoogrwgbwgbb
937,L0 U0 R0 ,obbgwwgwwggwrrrrrryooygwygwbygbygrygboobooyoorrwybwybb
938,U0 R0 ,bbbwwwwwwggwrrrrrroooggwggwyygyygyygybboooooorrrybbybb
939,R0 ,wwbwwbwwbrrrrrrrrrggwggwggwyygyygyygoooooooooybbybbybb
940,D0 F0 R2 L2 U1 R0 B2 D1 R1 U1 ,ywyywyggrbrryrrgowyyyogowrwrbobywbwbbbooobwwgggogbgorr
941,F0 R2 L2 U1 R0 B2 D1 R1 U1 ,ywyywyggrbrryrrwrwyyyogowwgbbrwybbwobboooborrggogbggow
942,R2 L2 U1 R0 B2 D1 R1 U1 ,ywyywyrbogrrgrrrrwwoywgygoywybwybbwobbbooborrggogbggow
943,L2 U1 R0 B2 D1 R1 U1 ,ywbywbrbowrrrrgrrgwogwgggogwyywyybwobbbooborrygoybgyow
944,U1 R0 B2 D1 R1 U1 ,wwbwwbbbowrrrrgrrgwoggggoogyyyyyyrworroboobbbyggybwyow
945,R0 B2 D1 R1 U1 ,bbowwbwwbwogrrgrrgrrogggoogyyyyyyrwoyggboobbbwrrybwyow
946,B2 D1 R1 U1 ,bbowwgwwgrrwrrogggrryggyoooyyyyyyrwwyggboobbbbrrbbwoow
947,D1 R1 U1 ,wwrwwgwwgrrbrrbggyrryggyoooyyyyyyobbgggooowbbwoowbbrrb
948,R1 U1 ,wwrwwgwwgrrbrrbrrbrryggyggyyybyybyyogggoooooowoowbbwbb
949,U1 ,wwwwwwwwwbbbrrrrrrrrrggggggyyyyyyyyygggooooooooobbbbbb
950,F2 D1 U1 B1 L0 D0 R2 U2 D2 L2 ,obowwrrgrwggbryboobobbgyyoogwwryyryyybyworwwrwobrbgggg
951,D1 U1 B1 L0 D0 R2 U2 D2 L2 ,obowwrwwgrggrryyooooyygbbobrgrryyryyybbwobwwwwobrbgggg
952,U1 B1 L0 D0 R2 U2 D2 L2 ,obowwrwwgrggrrygggooyygbyooryygyyrrrybbwobbobwobrbgwww
953,B1 L0 D0 R2 U2 D2 L2 ,orgbwwowwooyrrygggybbygbyooryygyyrrrwobwobbobrggrbgwww
954,L0 D0 R2 U2 D2 L2 ,bwwbwwowwooorrrgggybbygbyooryygyygyyrobrobrobggwgbwrrw
955,D0 R2 U2 D2 L2 ,wwwwwwwwwooorrrgggbbbbgboooyyyyyyyyyrrrooobbbggggbgrrr
956,R2 U2 D2 L2 ,wwwwwwwwwooorrrooobbbbgbbbbyyyyyyyyyrrrooorrrggggbgggg
957,U2 D2 L2 ,wwywwywwyooorrrooobbgbggbbgyywyywyywrrrooorrrbggbbgbgg
958,D2 L2 ,ywwywwywwrrrrrrooobggbggbbgyywyywyywoooooorrrbbgbbgbgg
959,L2 ,ywwywwywwrrrrrrrrrbggbggbggwyywyywyyooooooooobbgbbgbbg
960,L1 D0 U2 B2 L2 U2 F2 D0 B0 U2 ,goygwybyrbggorrbrwooywggrbogrwbyyrworwyborbywobygbwgow
961,D0 U2 B2 L2 U2 F2 D0 B0 U2 ,ooywwyryrbggorrbrwgoybggrbowrwwyyywoyrwwoyrbbobbgbggog
962,U2 B2 L2 U2 F2 D0 B0 U2 ,ooywwyryrbggorrrbogoybggrbbywwwyroywyrwwoygogobbgbgbrw
963,B2 L2 U2 F2 D0 B0 U2 ,ryrywwyooyrworrrboobbbggrbbywwwyroywbggwoygoggoygbgbrw
964,L2 U2 F2 D0 B0 U2 ,wyoywwyooyrgorwrbbobbbggrbbywwwyrryroggroywogwrbgbgyog
965,U2 F2 D0 B0 U2 ,yyowwwrooyrgorwrbbgbbgggbbbwwwyyryyrgowyorggowrrgbbyoo
966,F2 D0 B0 U2 ,oorwwwoyygoworwrbbwrrgggbbbwwwyyryyryrgyorggogbbgbbyoo
967,D0 B0 U2 ,oorwwwwwwoowrrwgbbbbbgggrrwyyoyyryyryrryooggggbbgbbyoo
968,B0 U2 ,oorwwwwwwoowrrwrrwbbbggggggyyyyyyrroyrryooyoogbbgbbgbb
969,U2 ,wwwwwwwwwooorrrrrrbbbggggggyyyyyyyyyrrroooooogggbbbbbb
970,R0 B0 D2 F0 U0 R2 L1 U2 R0 B2 ,worwwrbrrgggbrowyooywrgybboywgwygbryogyoobworyybgbbgwr
971,B0 D2 F0 U0 R2 L1 U2 R0 B2 ,wowwwybrowbgyrgoogoygrggbbyywgwygbryogyoobworrybrbbrwr
972,D2 F0 U0 R2 L1 U2 R0 B2 ,gggwwybrowbyyrrooboygrggbbyywgwygoowwgyoobworrrrwbyrbb
973,F0 U0 R2 L1 U2 R0 B2 ,gggwwybrowbyyrrworoygrggrbbwoogywgwywgyooboobrrrwbybby
974,U0 R2 L1 U2 R0 B2 ,gggwwybbybbyrrroorrrobgybggwywgywgwywgwoooooorrrwbybby
975,R2 L1 U2 R0 B2 ,bwgbwgyygrrrrrroorbbybgybggwywgywgwyrrooooooowgwwbybby
976,L1 U2 R0 B2 ,bwwbwwyyyroorrrrrrbbbbgwbgwwyggyggwgrroooooooggwybyyby
977,U2 R0 B2 ,bwwbwwbyyroorrrrrrwbbggwggwyygyygwwgoooroorooggyybbybb
978,R0 B2 ,yybwwbwwbooorrrrrrggyggwggwyygyygwwgroorooroowbbybbybb
979,B2 ,yyywwwwwwrrorrorrogggggggggyyyyyywwwroorooroobbbbbbbbb
980,D2 U1 R1 B0 D0 R0 U1 F0 L0 B0 ,rrywwobogowgbrwbyoybwggrgyywrooyorgwyrrbowbgroggbbybyw
981,U1 R1 B0 D0 R0 U1 F0 L0 B0 ,rrywwobogowgbrwbgrybwggrbywwgroyoorwyrrbowbyooggbbygyy
982,R1 B0 D0 R0 U1 F0 L0 B0 ,yogrworwbybwbrwbgryrrggrbywwgroyoorwoggbowbyoowgbbygyy
983,B0 D0 R0 U1 F0 L0 B0 ,yogrwbrwowwrbrgybbyrgggobybwgroyrorwoggbowbyowwgobyryy
984,D0 R0 U1 F0 L0 B0 ,rgbrwbrwowwwbrryboyrgggobybwgroyrobbgggoowyyorowybwyyg
985,R0 U1 F0 L0 B0 ,rgbrwbrwowwwbrrbybyrgggoyyooowbygbrrgggoowyygrowybwybo
986,U1 F0 L0 B0 ,rggrworwobbwyrwbrwyrwgggyyrooybyybrrgggoowyygoowbbwbbo
987,F0 L0 B0 ,googwwrrryrwyrwbrwggggggyyrooybyybrroowoowyygbbwbbwbbo
988,L0 B0 ,googwwgwwrrwrrwrrwyggyggrggbyybyybrrooooooyyybbwbbwbbo
989,B0 ,ooowwwwwwrrwrrwrrwgggggggggyyyyyyrrryooyooyoobbbbbbbbb
990,L2 U2 D2 L0 U0 B0 D0 F0 L2 B1 ,yyrowgowwowbyrrgwwyrboggwboryyryoryorbbboggggwobbbwgry
991,U2 D2 L0 U0 B0 D0 F0 L2 B1 ,ryrrwgrwwowbyrrgwwyrbwggbboyyyoyooyoggggobbbrwowbbogry
992,D2 L0 U0 B0 D0 F0 L2 B1 ,wwrgwrryrgggyrrgwwwowwggbboyyyoyooyoowbgobbbryrbbbogry
993,L0 U0 B0 D0 F0 L2 B1 ,wwrgwrryrgggyrrbbrwowwgggryoyooyoyyyowbgobgwwyrbbbobbo
994,U0 B0 D0 F0 L2 B1 ,owrowrbyrgggyrrbbrwowgggrrywyowyogyyggowowwbbyrybbobbo
995,B0 D0 F0 L2 B1 ,booywwrrryryyrrbbrggggggrrywyowyogyywowwowwbbggobbobbo
996,D0 F0 L2 B1 ,yrrywwrrryryyrybbgggggggrrywyowyowwwoowoowbbbbbgbbgooo
997,F0 L2 B1 ,yrrywwrrryryyryrryggggggbbbwwwwyywoooowoowooobbgbbgbbg
998,L2 B1 ,yrrywwowwrryrryrrybggbggbggryywyywoooowoowoowbbgbbgbbg
999,B1 ,rrrwwwwwwrryrryrrygggggggggyyyyyyooowoowoowoobbbbbbbbb
1000,R0 L0 U0 D1 B1 F0 R1 D0 U2 R0 ,bwgbwobboyyryrgggyrrbogbggyyyrgyrgybwwwwobwwowrooborro
1001,L0 U0 D1 B1 F0 R1 D0 U2 R0 ,bwbbwbbbygyygryygrrrrogrggbyyrgyogywwwwwobwwooroobogro
1002,U0 D1 B1 F0 R1 D0 U2 R0 ,owbowbobygyygryygrbrrbgrbgbryroyogywwwwwowobworgobggry
1003,D1 B1 F0 R1 D0 U2 R0 ,ooobwwybborggryygrgyybgrbgbryroyogywbrrwowobwwwwobggry
1004,B1 F0 R1 D0 U2 R0 ,ooobwwybborggrygrygyybgrygrrowyyyrogbrrwowbgbwwwobgobw
1005,F0 R1 D0 U2 R0 ,bwbbwwybborogrogrogyybgrygrrowyyyyygrrroowggbwgwwbbwoo
1006,R1 D0 U2 R0 ,bwbbwwbwryrobrobroybgggyrryggoyyyyygrrroooggwwgwwbbwoo
1007,D0 U2 R0 ,bwwbwwbwwooorrrybbybbggwrrrgggyyyyyyrrroooggwggwybbooo
1008,U2 R0 ,bwwbwwbwwooorrrrrrybbggwggwyygyygyygrrrooooooggwybbybb
1009,R0 ,wwbwwbwwbrrrrrrrrrggwggwggwyygyygyygoooooooooybbybbybb
1010,L0 D0 U1 L1 F1 D2 L0 U2 B0 L0 ,ywgywwoggygyorwrgrboorgwbyyrbbyyygbwbowbogwrwrrobbogro
1011,D0 U1 L1 F1 D2 L0 U2 B0 L0 ,owgowwoggygyorwrgryooygwoyybbbryybbwwbbroowgwrrgbbygrr
1012,U1 L1 F1 D2 L0 U2 B0 L0 ,owgowwoggygyorwoyyyooygwwgwbrbbybwybwbbroogrrrrgbbyrgr
1013,L1 F1 D2 L0 U2 B0 L0 ,gwgwwgoooyooorwoyywbbygwwgwbrbbybwybrrgroogrrygybbyrgr
1014,F1 D2 L0 U2 B0 L0 ,wwgywgwooyooorwoyybbbbgwwgwrrbyybyybgorrorrrgygobbwrgg
1015,D2 L0 U2 B0 L0 ,wwgywgyooboorrwryybwwbggbbwrrgyybyybgooroorrwygobbwrgg
1016,L0 U2 B0 L0 ,wwgywgyooboorrwrrwbwwbggrggbyybyygrrgoorooryyygobbwbbw
1017,U2 B0 L0 ,wwgwwgoooboorrwrrwwwwyggyggbyybyyrrrrrgyooyooyggbbbbbb
1018,B0 L0 ,ooogwwgwwrrgrrwrrwyggyggyggbyybyyrrrbooyooyoowwwbbbbbb
1019,L0 ,gwwgwwgwwrrrrrrrrryggyggyggbyybyybyyooooooooobbwbbwbbw
1020,B2 U0 R2 L0 D1 R2 U2 B0 R0 U0 ,rwwwworggrbggrrgrowoyrgwoowyyobygwyybobwoybybrbybbrggo
1021,U0 R2 L0 D1 R2 U2 B0 R0 U0 ,yywwworggrbbgrwgrbwoyrgwoowyyobygwwroobroygyboggrbbybr
1022,R2 L0 D1 R2 U2 B0 R0 U0 ,rwygwygowogggrwgrbrbbrgwoowyyobygwwrwoyroygyboobrbbybr
1023,L0 D1 R2 U2 B0 R0 U0 ,rwogwggorbrgwrgggorbyrgroooyyybyywwwwoyroygybwobwbbbbr
1024,D1 R2 U2 B0 R0 U0 ,rwobwgborbrgwrgggorbyggrgooryyryyowwgrwyoobyywowwbbbby
1025,R2 U2 B0 R0 U0 ,rwobwgborbrgwrgbbyrbyggrggoyywyywrrogrwyoogoowowwbbbyy
1026,U2 B0 R0 U0 ,rwwbwwbooybbgrwgrbrbbggwggwyyoyygrrrgrwyoogoooowrbbyyy
1027,B0 R0 U0 ,oobwwbwwrgrwgrwgrboowggwggwyyoyygrrrybbyoogoorbbrbbyyy
1028,R0 U0 ,wwbwwbwwrgrrgrrgrroowggwggwyyoyygyygbbbooooooyrrybbybb
1029,U0 ,wwwwwwwwwgggrrrrrroooggggggyyyyyyyyybbboooooorrrbbbbbb
1030,B1 L2 R1 B1 U0 F0 L2 B0 R2 U2 ,bbrwwggyboygorowrywoyrgwwbrgyboygowgyrrwoywboyrrgbgobb
1031,L2 R1 B1 U0 F0 L2 B0 R2 U2 ,wwywwggyboyborbwrrwoyrgwwbrgyboygyogorrwoygborgbrbbygo
1032,R1 B1 U0 F0 L2 B0 R2 U2 ,gwyowgyyboyborbwrrooybgwbbrwybwyggogobgyowrrorgwrbrygw
1033,B1 U0 F0 L2 B0 R2 U2 ,gwyowryyrbbryrroowooybggbbbwyywywgorobgyowrroggwgbrbgw
1034,U0 F0 L2 B0 R2 U2 ,ryoowryyrbbgyrwooyooybggbbbwyywywwrrgbgoowrrowrwgbgggb
1035,F0 L2 B0 R2 U2 ,yorywyrrowrwyrwooybbgbggbbbwyywywwrrooyoowrrogbggbgggb
1036,L2 B0 R2 U2 ,yorywyowyrrwrrwooybbbbgbbggoywwywwrroowooyrrygbggbgggb
1037,B0 R2 U2 ,oorwwywwyrrwrrwooybbbggbgggyywyyworryrryoowoogbbgbbggb
1038,R2 U2 ,wwywwywwyrrrrrrooobbbggbgggyywyywyywrrrooooooggggbbbbb
1039,U2 ,wwwwwwwwwooorrrrrrbbbggggggyyyyyyyyyrrroooooogggbbbbbb
1040,B0 R2 L2 B0 R0 U0 D2 L1 B0 R0 ,robgwwobowrrbroowygygggrwywrrboybwgoyryooyrbgywgybgbwb
1041,R2 L2 B0 R0 U0 D2 L1 B0 R0 ,roygwwobowrobrgowwgygggrwywrrboybyorbryooyrbgbyywbwbgg
1042,L2 B0 R0 U0 D2 L1 B0 R0 ,robgwbobrwwogrborwgybggwwybrryoywyoobryooyrbgwyyrbwggg
1043,B0 R0 U0 D2 L1 B0 R0 ,robowbybrwwogrborwgybwgwyybrrygywooogbryooyrbwywrbgggg
1044,R0 U0 D2 L1 B0 R0 ,obwowbybrwwogroorogybwgwyybrrygywgyybbrooorrbgrwgbyggw
1045,U0 D2 L1 B0 R0 ,obbowwybbogwrrwooogyywgwyyyrrggyggygbbrooorrbrrwbbywgw
1046,D2 L1 B0 R0 ,yoobwbbwbrrwrrwoooogwwgwyyyrrggyggyggyyooorrbbbrbbywgw
1047,L1 B0 R0 ,yoobwbbwbrrwrrwrrbogwwgwwgwgyggyggrrgyyoooooobbrbbyyyy
1048,B0 R0 ,ooowwbwwbrrwrrwrrbggwggwggwyygyygrrryooyoogoobbbbbbyyy
1049,R0 ,wwbwwbwwbrrrrrrrrrggwggwggwyygyygyygoooooooooybbybbybb
1050,U2 D2 B1 F1 U1 B0 F0 L0 R1 F2 ,yygowrgwwoyrgrroooybbygowbgbywbybywbrwogoorrrwgbwbrygg
1051,D2 B1 F1 U1 B0 F0 L0 R1 F2 ,wwgrwogyyrwogrrooowgbygowbgbywbybywboyrgoorrrybbwbrygg
1052,B1 F1 U1 B0 F0 L0 R1 F2 ,wwgrwogyyrwogrrrrrwgbygoyggbwybybwyboyrgoooooybbwbrwbg
1053,F1 U1 B0 F0 L0 R1 F2 ,ogorwogyyrwwgrwrrgwgbygoyggbwybybrrowyryooboobrgbbbyww
1054,U1 B0 F0 L0 R1 F2 ,ogorworgrywwwrwbrgboggggwyyroobybrrowyyyoybogbrgbbbyww
1055,B0 F0 L0 R1 F2 ,oorgwgorrbogwrwbrgwyygggwyyroobybrrobrgyoybogywwbbbyww
1056,F0 L0 R1 F2 ,gwggwgorrboowrrbrrwyygggwyyroobybbybrrgooyoogybywbwwbw
1057,L0 R1 F2 ,gwggwggygooorrrrrrwgwygyygybwbbybbybrrrooooooybywbwwbw
1058,R1 F2 ,wwgwwgyygooorrrrrrggwggyggywwbyybyyboorooroorybbwbbwbb
1059,F2 ,wwwwwwyyyorrorrorrgggggggggwwwyyyyyyoorooroorbbbbbbbbb
1060,D1 U2 R2 F0 L1 U2 B1 L2 U1 D1 ,grwywoywoywbyrywwrgrbbgrgorobboybgyywgrgorogwogrobwbby
1061,U2 R2 F0 L1 U2 B1 L2 U1 D1 ,grwywoywoywbyrybbygrbbgrwwrbbybyyoogwgrgorgorogrobwogw
1062,R2 F0 L1 U2 B1 L2 U1 D1 ,owyowywrgwgryrybbyogrbgrwwrbbybyyoogywbgorgorgrbobwogw
1063,F0 L1 U2 B1 L2 U1 D1 ,owyowywrgybbyryrgwogobgowwgbbybyyoogywbgorgorrrbrbwrgw
1064,L1 U2 B1 L2 U1 D1 ,owyowyrrbwbbrryggwwbowgggooryybyyoogywbgobgoyrrbrbwrgw
1065,U2 B1 L2 U1 D1 ,wwywwygrbwbbrryggwrbobggooowyywyybogbbywooyggrrrrborgo
1066,B1 L2 U1 D1 ,brgywwywwbbyrryggwrrrbggooowyywyybogwbbwooyggrborborgo
1067,L2 U1 D1 ,ywwywwywwbbbrrrgggrrrbggooowyywyywyybbbooogggooobbgrrr
1068,U1 D1 ,wwwwwwwwwbbbrrrgggrrrgggoooyyyyyyyyygggooobbbooobbbrrr
1069,D1 ,wwwwwwwwwrrrrrrgggggggggoooyyyyyyyyyoooooobbbbbbbbbrrr
1070,R0 F0 U2 D0 L0 R1 F1 D0 B1 R1 ,yoggwgbbborrbrowbwyoywgroyrwgbryyobbgwrooryygwgrybwowg
1071,F0 U2 D0 L0 R1 F1 D0 B1 R1 ,yoygwrbbrwbobrrworyobwgyoybwgoryyobwgwrooryygbgrgbwgwg
1072,U2 D0 L0 R1 F1 D0 B1 R1 ,yoygwrgrrbbobrrrorowyygobybwbwryyobwgwwoogyyobgrgbwgwg
1073,D0 L0 R1 F1 D0 B1 R1 ,rrgrwgyoygwwbrrrorbgrygobybwbwryyobwbbooogyyoowygbwgwg
1074,L0 R1 F1 D0 B1 R1 ,rrgrwgyoygwwbrrbybbgrygoyyoorwbybwywbboooggwgowygbwror
1075,R1 F1 D0 B1 R1 ,rrgwwgyoygwwbrrbybrgrrgoyyobrwyybyywgobwobggoowwgbbroo
1076,F1 D0 B1 R1 ,rrrwwgyoowrbwrygbbrggrggyyybrryyoyyogobwobggowwwbbbwoo
1077,D0 B1 R1 ,rrrwwgwwgrrbrrybbbggyggyrrybboyyoyyogoowooggywwwbbbwoo
1078,B1 R1 ,rrrwwgwwgrrbrryrryggyggyggyyybyybooogoowoowoowwwbbbbbb
1079,R1 ,wwgwwgwwgrrrrrrrrrggyggyggyyybyybyybooooooooowbbwbbwbb
1080,U2 D1 L2 U1 B2 F0 R1 D0 U0 F1 ,rgyywrwwbwggyrorgwgboogryyybbbwyywbgyoowogrroowgbborrb
1081,D1 L2 U1 B2 F0 R1 D0 U0 F1 ,bwwrwyygryooyrorgwowgogryyybbbwyywbgwggwogrrogbobborrb
1082,L2 U1 B2 F0 R1 D0 U0 F1 ,bwwrwyygryooyrorrbowgogrrgwbygbybbwwwggwogyyygbobborro
1083,U1 B2 F0 R1 D0 U0 F1 ,bwwbwybgryooyrorrbowgogrogwbygrybywwyyygowggwgbrbborro
1084,B2 F0 R1 D0 U0 F1 ,wyrwwgbbbowgyrorrbyyyogrogwbygrybywwgbrgowggwyoobborro
1085,F0 R1 D0 U0 F1 ,wwywwgbbbowgyrgrrgyyyogrogwbygrybrywbbroowggworrobbooy
1086,R1 D0 U0 F1 ,wwywwgwwrbwgbrgbrgooyggywryryorybrywbbbooygggorrobbooy
1087,D0 U0 F1 ,wwowwowwogggwrrbbbooygggwrrryyryyryybbbooygggwrrbbbooy
1088,U0 F1 ,wwowwowwogggwrrwrrooyggggggrrryyyyyybbbooyooywrrbbbbbb
1089,F1 ,wwwwwwooowrrwrrwrrgggggggggrrryyyyyyooyooyooybbbbbbbbb
1090,L1 D2 U1 R0 L2 D0 B2 R0 F1 L0 ,brygwygwrbbgrrbbowroyogbwoyoboyyggggryyroywrbogwwbwrwo
1091,D2 U1 R0 L2 D0 B2 R0 F1 L0 ,rryowywwrbbgrrbbowooyygbgoyobowygwggyybyorrrwoggwbgrwb
1092,U1 R0 L2 D0 B2 R0 F1 L0 ,rryowywwrbbgrrbrrwooyygbrwbggwgywoboyybyorbowoggwbggoy
1093,R0 L2 D0 B2 R0 F1 L0 ,yyrrwwrowooyrrbrrwyybygbrwbggwgywobooggyorbowbbgwbggoy
1094,L2 D0 B2 R0 F1 L0 ,yybrwbrobrrorrowbyyywygwrwoggggywobboggyorbowwbgwbgroy
1095,D0 B2 R0 F1 L0 ,gybgwboobrrorrowbyyywggwgwoyggrywrbbwobroyggowbrwbyroy
1096,B2 R0 F1 L0 ,gybgwboobrrorrogwoyywggwggorrybygbwgwobroyroywbrwbywby
1097,R0 F1 L0 ,gwbgwboobrrrrrrgwwyywggwggorrybygbygoobooyooyybwybwrbw
1098,F1 L0 ,gwwgwwooogrrwrrwrryyyggggggrrrbyybyyoobooyooybbwbbwbbw
1099,L0 ,gwwgwwgwwrrrrrrrrryggyggyggbyybyybyyooooooooobbwbbwbbw
1100,B1 F2 L0 R1 B0 F0 L2 D2 F2 B0 ,rrrgwbbygwrborwwogwbrygwygoboggybyrybyoroogwowwybbgryo
1101,F2 L0 R1 B0 F0 L2 D2 F2 B0 ,grbgwbbygwrrorrworwbrygwygoboggybgwbyyorooywoygowbywbr
1102,L0 R1 B0 F0 L2 D2 F2 B0 ,grbgwbgoborrorroorogywgyrbwgybgybgwbyywrooywwygowbywbr
1103,R1 B0 F0 L2 D2 F2 B0 ,rrbywbooborrorroorggyggygbwoybwybrwbyrywoywowyggwbgwbg
1104,B0 F0 L2 D2 F2 B0 ,rrwywwooyrrrrrooooggbggbgbboyywyyrwwyrywoywowbggbbgbbg
1105,F0 L2 D2 F2 B0 ,rooywwooyrrwrrwoorggbggbgbboyywyyywwwryroyrowbbbbbgggg
1106,L2 D2 F2 B0 ,rooywwwyyorworwyorgggbggbbborrwyyywwwroroyroybbbbbgggg
1107,D2 F2 B0 ,ooowwwyyyorworwyorggggggbbbrrryyywwwyoryororwbbbbbbggg
1108,F2 B0 ,ooowwwyyyorworworwgggggggggwwwyyyrrryoryoryorbbbbbbbbb
1109,B0 ,ooowwwwwwrrwrrwrrwgggggggggyyyyyyrrryooyooyoobbbbbbbbb
1110,R2 F0 B0 R2 D1 F2 R0 B1 U2 F2 ,wygwwbbrrbyorryrbbryyggbwwgooyoywrrygrwgowwbbygooboogg
1111,F0 B0 R2 D1 F2 R0 B1 U2 F2 ,wyywwwbrybbryrroybryoggowwyoogoybrrrgrwgowwbbggobboygg
1112,B0 R2 D1 F2 R0 B1 U2 F2 ,wyywwwbwwbbrrrryybwgrwgyyoooyboybrrrgrogoowbgggobboygg
1113,R2 D1 F2 R0 B1 U2 F2 ,rrbwwwbwwbbrrrryyrwgrwgyyoooyboybggwyroyoowbgybggbggoo
1114,D1 F2 R0 B1 U2 F2 ,rrbwwbbwwryyrrrrbbwggwggyoyoyboywggwyroyoowbgobgybgroo
1115,F2 R0 B1 U2 F2 ,rrbwwbbwwryyrrrroowggwggrbbbwwyygoogyroyooyoyobgybgwbg
1116,R0 B1 U2 F2 ,rrbwwbwwbyyyorrooobbrggwggwwwbyygoogyrryoryorobgybgwbg
1117,B1 U2 F2 ,rrrwwwwwwooyoryorybbbggggggwwwyyyoooyrryoryorbbgbbgbbg
1118,U2 F2 ,yyywwwwwwoororrorrbbbggggggwwwyyyyyyorrooroorgggbbbbbb
1119,F2 ,wwwwwwyyyorrorrorrgggggggggwwwyyyyyyoorooroorbbbbbbbbb
1120,B2 D2 R1 U2 B1 R1 U1 L2 D2 U0 ,wyogwybryoowrryyboywgbgbwgrgoggywwwbbrrooogyobbrrbwygr
1121,D2 R1 U2 B1 R1 U1 L2 D2 U0 ,bwwgwybryoogrroybbywgbgbwgrgoggywoyworryoowyorgywbrrbb
1122,R1 U2 B1 R1 U1 L2 D2 U0 ,bwwgwybryoogrrowyoywgbgbrbbwyowyggogorryooybbrgywbrwgr
1123,U2 B1 R1 U1 L2 D2 U0 ,bwwgwwbrrgoooryorwywwbgyrbywygwybgoborryooybbggygbrogr
1124,B1 R1 U1 L2 D2 U0 ,rrbwwgwwborroryorwggybgyrbywygwybgobgooyooybbywwgbrogr
1125,R1 U1 L2 D2 U0 ,yygwwgwwborrorrorbggybgyrbywygwybwyrgooooobbbwrrwbgygo
1126,U1 L2 D2 U0 ,yyywwwwwwrrbrrrooogggbggrbbwyywyywyygooooobbbrrrbbgggo
1127,L2 D2 U0 ,ywwywwywwgggrrrooogoobggrbbwyywyywyyrrrooobbbrrbbbgggo
1128,D2 U0 ,wwwwwwwwwgggrrroooooogggbbbyyyyyyyyybbbooorrrrrrbbbggg
1129,U0 ,wwwwwwwwwgggrrrrrroooggggggyyyyyyyyybbboooooorrrbbbbbb
1130,R0 L2 B0 U0 D0 B0 U0 L2 F0 R1 ,oybowywwgwryorwwybbbrogyorobbgwygggrggroowygwobyrbbyrr
1131,L2 B0 U0 D0 B0 U0 L2 F0 R1 ,oyrowywwowowyrrbwybbgoggorrbbywyrggoggroowygwgbyybbbrr
1132,B0 U0 D0 B0 U0 L2 F0 R1 ,byrwwygwowowyrrbwyrbgbggyrrobyoyrwgowgywoorgggboybobrb
1133,U0 D0 B0 U0 L2 F0 R1 ,wrywwygwowooyrgbwwrbgbggyrrobyoyrwwrrgyyoobggbygrbbboo
1134,D0 B0 U0 L2 F0 R1 ,gwwwwroyybygyrgbwwwoobggyrrobyoyrwwrrbgyoobggrgyrbbboo
1135,B0 U0 L2 F0 R1 ,gwwwwroyybygyrgyrrwoobggbggwoowybrryrbgyooboorgyrbbbww
1136,U0 L2 F0 R1 ,ggrwwroyybyyyrryrrwoobggbggwoowybrybwbgwoogoobrrwbgwby
1137,L2 F0 R1 ,owgywgyrrbrryrryrrbyybggbggwoowybrybwoowoogoowbgwbgwby
1138,F0 R1 ,wwgwwgrrrbrryrryrryyyggggggoooyybyyboogoowoowwbbwbbwbb
1139,R1 ,wwgwwgwwgrrrrrrrrrggyggyggyyybyybyybooooooooowbbwbbwbb
1140,D2 F2 L0 B1 D2 U0 R1 F1 D2 R1 ,orybwobywggorrrygwygoygwybroogbywgwrbyrboorrgbgwybwbow
1141,F2 L0 B1 D2 U0 R1 F1 D2 R1 ,orybwobywggorrrrrgygoygwbowrwgwybgoobyrbooygwbgwybwybr
1142,L0 B1 D2 U0 R1 F1 D2 R1 ,orybwogwrwgoorrrrgwobwgyogywybwybgoobyrboryggbgwybwybr
1143,B1 D2 U0 R1 F1 D2 R1 ,rrywwowwrwgoorrrrgoobbgyggywybwyboooybbgoygrrbggybwybw
1144,D2 U0 R1 F1 D2 R1 ,ggywwowwrwgrorrrryoobbgyggywybwybgroobbooyorrgwwgbbbyy
1145,U0 R1 F1 D2 R1 ,ggywwowwrwgrorrorroobbgybyyorgbywbywobbooyrrygwwgbbggy
1146,R1 F1 D2 R1 ,wwgwwgroygwworrorrwgrbgybyyorgbywbywoobooyrryobbgbbggy
1147,F1 D2 R1 ,wwgwwgroowrrwrrgoowggbggbyyorrbyybyyoobooyrrywbbwbbggy
1148,D2 R1 ,wwgwwgwwgrrrrrroooggyggywbbbyybyybyyoooooorrrwbbwbbggy
1149,R1 ,wwgwwgwwgrrrrrrrrrggyggyggyyybyybyybooooooooowbbwbbwbb
1150,F0 B0 D1 L0 R1 F1 U2 B1 F2 U2 ,yowbwborrgrbgryggbwywggwryowoyoyoorrgwgborbbbowrgbyywy
1151,B0 D1 L0 R1 F1 U2 B1 F2 U2 ,yowbwbbrgorbrryrgbrgwygyowwgggoyoorrgwwboobbyowrgbyywy
1152,D1 L0 R1 F1 U2 B1 F2 U2 ,bybbwbbrgorrrrrrgorgwygyowwgggoyogbbwwwoooybyygowbwyyr
1153,L0 R1 F1 U2 B1 F2 U2 ,bybbwbbrgorrrrryyrrgwygyrgogobgybgogwwwoooowwygowbwyby
1154,R1 F1 U2 B1 F2 U2 ,yybwwborgorrrrryyrbgwbgybgorobyybrogoowwowwowyggwbgybg
1155,F1 U2 B1 F2 U2 ,yyywwworyrrrrryorybgbbgbbggrowyyyroooowwowwowgggbbgbbg
1156,U2 B1 F2 U2 ,yyywwwrrowrroryrrybbggggbbbwwwyyyrooooyworwoogggbbgbbg
1157,B1 F2 U2 ,orrwwwyyyooyoryrryggggggbbbwwwyyyroowrrworwoobbgbbgbbg
1158,F2 U2 ,wwwwwwyyyoooorrrrrggggggbbbwwwyyyyyyrrroorooogggbbbbbb
1159,U2 ,wwwwwwwwwooorrrrrrbbbggggggyyyyyyyyyrrroooooogggbbbbbb
1160,L0 B2 F1 R0 D2 U1 F1 B1 R0 U1 ,bbbbwbryrgyobrwbwgygwggrwrrbyyyyrgwoooggorworwwyoboygo
1161,B2 F1 R0 D2 U1 F1 B1 R0 U1 ,obbowbyyrgyobrwbwgbgwbgrrrryyygyrwwowgoooorrgwwgobyygb
1162,F1 R0 D2 U1 F1 B1 R0 U1 ,owwowbyyrgyrbrobwwbgwbgrrrryyygyrbboggowooorgbgyybogww
1163,R0 D2 U1 F1 B1 R0 U1 ,owwowbgbbyyryroywwwrrggrbbrooggyrbboggrwoyorybgyybogww
1164,D2 U1 F1 B1 R0 U1 ,owrowrgbryyywryworwrgggrbboooggyybbbggrwoyorybgybbowww
1165,U1 F1 B1 R0 U1 ,owrowrgbryyywryorywrgggrwwwbbbyyggooggrwoyworbgybbobbo
1166,F1 B1 R0 U1 ,rrrwwboogwrgwryoryggrggrwwwbbbyyggoobgywoyworyyybbobbo
1167,B1 R0 U1 ,rrrwwbwwobrgbrybryrrwggwggwyyryyggoobggwoowooyyybbobbo
1168,R0 U1 ,wwbwwbwwobrrbrrbrrrrwggwggwyyryygyyggggooooooyooybbybb
1169,U1 ,wwwwwwwwwbbbrrrrrrrrrggggggyyyyyyyyygggooooooooobbbbbb
1170,R1 F2 B0 R2 U0 L1 D1 R0 L1 D0 ,yobwwbbgyroogrrgborobygwrgwgyowyrorbgbwgobyowwyrybrywg
1171,F2 B0 R2 U0 L1 D1 R0 L1 D0 ,yoywwybgworoorbrggrobygbrgygybwyworwgbwgobyowbyrrbrowg
1172,B0 R2 U0 L1 D1 R0 L1 D0 ,yoywwybygwrobrbwggygrbgyborwgbwyworwgbrgooyoobyrrbrowg
1173,R2 U0 L1 D1 R0 L1 D0 ,obgwwybygwrwbrrwgoygrbgyborwgbwywggyybroooyooorbwbygrr
1174,U0 L1 D1 R0 L1 D0 ,obbwwwbyyogwrrbwrwyggbgwboowggwyygggybroooyoorrbybyrrr
1175,L1 D1 R0 L1 D0 ,bwoywbywbrrbrrbwrwogwbgwboowggwyygggyggoooyooybrybyrrr
1176,D1 R0 L1 D0 ,owobwbbwbrrbrrbwrwwgwwgwgoorggyyyrgggoogooyoyybyybyrrb
1177,R0 L1 D0 ,owobwbbwbrrbrrbrrbwgwwgwwrwgyggygryrgoogoogooybyybyyoy
1178,L1 D0 ,owwbwwbwwrrrrrrbbbwggwggwrrgyygyyryygoogoogoobbybbyooy
1179,D0 ,wwwwwwwwwrrrrrrbbbggggggrrryyyyyyyyyoooooogggbbbbbbooo
1180,B0 U0 F0 R2 L0 D0 R1 U0 B1 L1 ,bbgwwgwwybwrbroorwbooogyyygogwbygrrbyrrgobgwgwrrybooyy
1181,U0 F0 R2 L0 D0 R1 U0 B1 L1 ,rowwwgwwybwbbrrorrbooogyyygogwbygygggrrbobbwgoywybryor
1182,F0 R2 L0 D0 R1 U0 B1 L1 ,wwrwwoygwoywbrrorrbwbogyyygogwbygyggboobobbwggrrybryor
1183,R2 L0 D0 R1 U0 B1 L1 ,wwrwwogboyywgrrwrryobygwgybobobygyggboobogbwwgrrybryor
1184,L0 D0 R1 U0 B1 L1 ,wwowwggbgrrwrrgwyyyoyygygygobrbyoygoboobogbwwbrrwbrbor
1185,D0 R1 U0 B1 L1 ,rworwgrbgrrwrrgwyywoywgygygybryyoggobbbwoowgobrywbbboo
1186,R1 U0 B1 L1 ,rworwgrbgrrwrrggygwoywgywgogyygyboorbbbwooboobrywbbwyy
1187,U0 B1 L1 ,rwwrwwrbbwggrryrrgwoowggwgggyygyyooobbbwooboorrybbbyyy
1188,B1 L1 ,rrrbwwbwwrryrryrrgwggwggwgggyygyyooowoowooboobbbbbbyyy
1189,L1 ,bwwbwwbwwrrrrrrrrrwggwggwgggyygyygyyooooooooobbybbybby
1190,R0 D1 L1 F2 B0 D2 U0 L2 B2 R2 ,goggwrbwoyyogroorwrbbygwgrwrbboygbwowywrobrbyygrybwgoy
1191,D1 L1 F2 B0 D2 U0 L2 B2 R2 ,gobgwwbwwogyrrywoorbbygggrorbgoyybwywywrobrbyogrrbwgoy
1192,L1 F2 B0 D2 U0 L2 B2 R2 ,gobgwwbwwogyrrygoyrbbyggwoogyybywrobwywrobgroogrrbwrby
1193,F2 B0 D2 U0 L2 B2 R2 ,robywwwwwogyrrygoygbbbggrooyyywywrobwboyorwrgogbrbgrbg
1194,B0 D2 U0 L2 B2 R2 ,robywwyyyggyrryooyoorggbbbgwwwwywrobwbgyorwroogbrbgrbg
1195,D2 U0 L2 B2 R2 ,yyyywwyyyggbrroooroorggbbbgwwwwywwywbbgoorrrorrobbgggb
1196,U0 L2 B2 R2 ,yyyywwyyyggbrrorrooorggbggbwywwywwwwbbgooroorrrobbgbbg
1197,L2 B2 R2 ,yyyywyywyrrorrorroggbggbggbwywwywwwwoorooroorbbgbbgbbg
1198,B2 R2 ,wyywwywwyrrorrorroggbggbggbyywyywywwroorooroobbgbbgbbg
1199,R2 ,wwywwywwyrrrrrrrrrggbggbggbyywyywyywooooooooogbbgbbgbb
1200,U1 B0 F0 D0 B0 L1 D0 U1 F0 L2 ,bgrywwowwoogyrbybbgbbrgbrrbggryyroyyrgygowgrwyowobwoow
1201,B0 F0 D0 B0 L1 D0 U1 F0 L2 ,rwwgwwbyogbbyrbybbrgyrgbrrbggryyroyyyowgowgrwoogobwoow
1202,F0 D0 B0 L1 D0 U1 F0 L2 ,bbbgwwbyogbyyryyborgyrgbrrbggryyryggwowwowrrwoooobowwg
1203,D0 B0 L1 D0 U1 F0 L2 ,bbbgwwwwwbbyyryoborrrrggbbyyygyyryggwogwogrrroooobowwg
1204,B0 L1 D0 U1 F0 L2 ,bbbgwwwwwbbyyrybbyrrrrggrrryyygyygrgwogwogwwgooooboobo
1205,L1 D0 U1 F0 L2 ,yyygwwwwwbbgyrrbbgrrrrggrrryyygyywwwbogbogbwgooobboooo
1206,D0 U1 F0 L2 ,ryyrwwrwwbbgyrrbbgyrrgggwrroyyoyyowwgggoowbbboowbbgooy
1207,U1 F0 L2 ,ryyrwwrwwbbgyrrwrryrrgggbbbooowyywyygggoowooyoowbbgbbg
1208,F0 L2 ,ywwywwrrryrryrrwrrggggggbbbooowyywyyoowoowooybbgbbgbbg
1209,L2 ,ywwywwywwrrrrrrrrrbggbggbggwyywyywyyooooooooobbgbbgbbg
1210,U1 D0 F0 U1 B0 R1 U0 D1 B1 F1 ,ywrgwrgwbobbyrwooowbywgooyybbgyygrogrrryogggwwobrbrwby
1211,D0 F0 U1 B0 R1 U0 D1 B1 F1 ,rrbwwwyggwbyyrwooorrrwgooyybbgyygrogwobyogggwobbrbrwby
1212,F0 U1 B0 R1 U0 D1 B1 F1 ,rrbwwwyggwbyyrwoyyrrrwgoggwryboybgggwobyogwbyobbrbrooo
1213,U1 B0 R1 U0 D1 B1 F1 ,rrbwwwygbybygrwgyygwrggrworoywoybgggworyoywbbobbrbrooo
1214,B0 R1 U0 D1 B1 F1 ,bwbrwgrwygwrgrwgyyworggrworoywoybgggobbyoywbbybyrbrooo
1215,R1 U0 D1 B1 F1 ,rwyrwgrwygwggrggygworggrworoywoyboywbbbwoybbboryobbory
1216,U0 D1 B1 F1 ,rworworwogggwrygggwoygggwoyoyroyroyrbbbwoybbbwrybbbwry
1217,D1 B1 F1 ,rrrwwwooowrywrygggggggggwoyoyroyroyrwoywoybbbbbbbbbwry
1218,B1 F1 ,rrrwwwooowrywrywrygggggggggrrryyyooowoywoywoybbbbbbbbb
1219,F1 ,wwwwwwooowrrwrrwrrgggggggggrrryyyyyyooyooyooybbbbbbbbb
1220,F0 R0 L2 D1 F1 U0 D2 B2 F2 L2 ,ywywwgbgyroryrbwybwybggrrbogrgyyoowwbgoworybwgroobbrog
1221,R0 L2 D1 F1 U0 D2 B2 F2 L2 ,ywywwgwroborgrbyybrgwbgyorbwyryyoowwbggworybggroobbrog
1222,L2 D1 F1 U0 D2 B2 F2 L2 ,ywwwwywrbygbyrobbrrgrbgoorwwyryyoowgbggworybgorogbbyog
1223,D1 F1 U0 D2 B2 F2 L2 ,wwwywyorbygbyrobbrggrbgoorwyyrwyowwggbyrowggborogbbyor
1224,F1 U0 D2 B2 F2 L2 ,wwwywyorbygbyroyorggrbgobbrrogyywywwgbyroworworogbbggb
1225,U0 D2 B2 F2 L2 ,wwwywyyyyggborororrorggbgbbywwyywywwgbbrororoorogbbggb
1226,D2 B2 F2 L2 ,yywywwyyworoorororggbggbgbbywwyywywwrorrororogbbgbbggb
1227,B2 F2 L2 ,yywywwyyworoorooroggbggbggbwwywyywwyrorrorrorgbbgbbgbb
1228,F2 L2 ,ywwywwyyworrorrorrggbggbggbwwywyywyyoorooroorbbgbbgbbg
1229,L2 ,ywwywwywwrrrrrrrrrbggbggbggwyywyywyyooooooooobbgbbgbbg
1230,D1 B0 U2 F0 R2 D1 B2 U1 F2 L0 ,rrbwwywyyrgobroogwrbbrgowobbgyoyrgwoyggyowoyrwbgwbrgby
1231,B0 U2 F0 R2 D1 B2 U1 F2 L0 ,rrbwwywyyrgobrogbyrbbrgoogwyrogywbogyggyowwobwbgwbroyr
1232,U2 F0 R2 D1 B2 U1 F2 L0 ,ooywwywyyrggbrogbbrbbrgoogwyrogywyywbggrowrobowwybbrrg
1233,F0 R2 D1 B2 U1 F2 L0 ,yywywwyoobggbrogbbowwrgoogwyrogywyywrggrowrobrbbybbrrg
1234,R2 D1 B2 U1 F2 L0 ,yywywwbwgyggoroobboroggwwowgbbgywyywrgyrorroorbbybbrrg
1235,D1 B2 U1 F2 L0 ,yybywwbwwbbooroggyorrggyworgbwgywyygrgyrorroowbbwbborg
1236,B2 U1 F2 L0 ,yybywwbwwbbooroorgorrggyggywwgbyyggyrgyrorworwbbwbbroo
1237,U1 F2 L0 ,yggywwbwwbbworrorrorrggyggywwgbyybyyggyoorooroorbbwbbw
1238,F2 L0 ,gwwgwwyyborrorrorrggyggyggywwgbyybyyoorooroorbbwbbwbbw
1239,L0 ,gwwgwwgwwrrrrrrrrryggyggyggbyybyybyyooooooooobbwbbwbbw
1240,F1 L0 R2 B2 U1 L0 F2 D2 R2 B1 ,rywwwyowyrooyrobbgbbbggrrwywoogyrgbygrwboworbggwgboryy
1241,L0 R2 B2 U1 L0 F2 D2 R2 B1 ,rywwwyryboooorowbgbrybgwbgrwwbgyrgbygryboworoggwgboryy
1242,R2 B2 U1 L0 F2 D2 R2 B1 ,yywowywyboooorowbgrrywgwrgrbwbbyrbbyobgrorowyggggbgryw
1243,B2 U1 L0 F2 D2 R2 B1 ,yybowrwyygbworoooorrrwggrggbwwbyybbbobgrorowyrggwbgyyw
1244,U1 L0 F2 D2 R2 B1 ,bbbowrwyygboorrooorrrwggrggbwwbyybyyobgoorwwywyygbwggr
1245,L0 F2 D2 R2 B1 ,brybwybowrrrorroooobgwggrggbwwbyybyywyyoorwwygbogbwggr
1246,F2 D2 R2 B1 ,rrywwyoowrrrorrooobbgbggbggowwwyyryywowwoyyrygbbgbbggb
1247,D2 R2 B1 ,rrywwywwoyrryrrwooggbggbgbbwoowyyryywoowooyrrgbbgbbggb
1248,R2 B1 ,rrywwywwoyrryrryrrggbggbggbyyryywoowwoowoowoogbbgbbgbb
1249,B1 ,rrrwwwwwwrryrryrrygggggggggyyyyyyooowoowoowoobbbbbbbbb
1250,B2 L2 R0 D2 F2 R1 L1 D2 B1 L1 ,owwbwwbowrrorroooyrygyggygwgybbyborbgywoorbwrggygbwrby
1251,L2 R0 D2 F2 R1 L1 D2 B1 L1 ,brobwwbowrrbrrooogrygyggygwgybbybwwoyywoorowrybrwbgygg
1252,R0 D2 F2 R1 L1 D2 B1 L1 ,grobwwwowrrbrroooggyggggrgwbybbybbworworoowyyybywbyygr
1253,D2 F2 R1 L1 D2 B1 L1 ,grgbwgwoworrorrgobgybggbrgobyybywbwyrworoowyywbywbyogr
1254,F2 R1 L1 D2 B1 L1 ,grgbwgwoworrorrwyygybggbogrywbwybyybrworoogobwbywbyrgo
1255,R1 L1 D2 B1 L1 ,grgbwgbwybrrorroyyrgobggbygwowwybyybrwwroogoowbywbyrgo
1256,L1 D2 B1 L1 ,grrbwwbwwrryrryboorggbggbyywoowygyygrwwroogoobbybbywgo
1257,D2 B1 L1 ,rrrbwwbwwrryrryboowggwggyyyoooyygyygwoowoorrgbbbbbbwgg
1258,B1 L1 ,rrrbwwbwwrryrryrrgwggwggwgggyygyyooowoowooboobbbbbbyyy
1259,L1 ,bwwbwwbwwrrrrrrrrrwggwggwgggyygyygyyooooooooobbybbybby
1260,L0 D0 U1 R0 L0 D1 B2 L2 F2 R2 ,rbbwwyobowbyrrgwrwgrgwgyrobbgoyywgggwbygooyoyoobwbyrrr
1261,D0 U1 R0 L0 D1 B2 L2 F2 R2 ,rbbywybbowbyrrgwrwrrgwgyoobggowywrggygwoobyoyoogwbyrrb
1262,U1 R0 L0 D1 B2 L2 F2 R2 ,rbbywybbowbyrrgoobrrgwgyyoyrwggyggwoygwoobrrboogwbywrw
1263,R0 L0 D1 B2 L2 F2 R2 ,byobwbrybrrgrrgoobygwwgyyoyrwggyggwooogoobrrbwbywbywrw
1264,L0 D1 B2 L2 F2 R2 ,bywbwyryyorrorrbggyggwggyoorwwgywgwwoogoobrrbbbybbyorw
1265,D1 B2 L2 F2 R2 ,wywywyyyyorrorrbggbggbggrooywwwywywwrooroobbgbbgbbgorr
1266,B2 L2 F2 R2 ,wywywyyyyorrorrorrbggbggbggwwwwywywyroorooroobbgbbgbbg
1267,L2 F2 R2 ,ywyywyyyyorrorrorrbggbggbggwwwwywwywroorooroogbbgbbgbb
1268,F2 R2 ,wwywwywyyorrorrorrbggbggbggywwyywyywoorooroorgbbgbbgbb
1269,R2 ,wwywwywwyrrrrrrrrrggbggbggbyywyywyywooooooooogbbgbbgbb
1270,F2 R2 U2 L2 B0 R0 L2 D0 U0 R0 ,rwoywwygbwrgyrggbygrorgoygrbowyywybbwrroobggowobwbbryo
1271,R2 U2 L2 B0 R0 L2 D0 U0 R0 ,rwoywwwoborgbrgrbyrgyogrorgbgyyywybbwrgooyggwwobwbbryo
1272,U2 L2 B0 R0 L2 D0 U0 R0 ,rwyywwwobybrgrbgrorgrogworwbgoyywybbwrgooyggwgobrbbyyo
1273,L2 B0 R0 L2 D0 U0 R0 ,bowwwyywrwrggrbgrogobogworwbgoyywybbybrooyggwrgrrbbyyo
1274,B0 R0 L2 D0 U0 R0 ,bowywyywrwrggrbgrooobbgwrrwbgowywybbwggyoorbyrgorboyyg
1275,R0 L2 D0 U0 R0 ,gboywyywrwrbgrbgryoobbgwrrwbgowywwyrwggooobbyyrrybggoo
1276,L2 D0 U0 R0 ,gbbywwywwggwrrrybbooobgwrrrbggwyywyywggooobbyrrrybgooo
1277,D0 U0 R0 ,bbbwwwwwwggwrrrybboooggwrrrgggyyyyyyybboooggwrrrybbooo
1278,U0 R0 ,bbbwwwwwwggwrrrrrroooggwggwyygyygyygybboooooorrrybbybb
1279,R0 ,wwbwwbwwbrrrrrrrrrggwggwggwyygyygyygoooooooooybbybbybb
1280,R2 D1 L0 U2 F1 R2 B0 F2 L2 B2 ,brbgwygoybborrywowygowgbywggbroyyyworworoobbrwgwgbygrr
1281,D1 L0 U2 F1 R2 B0 F2 L2 B2 ,brrgwygoowowyrrobbyggwggywwgbboyyywyrworoobbrggwbbyorr
1282,L0 U2 F1 R2 B0 F2 L2 B2 ,brrgwygoowowyrrorryggwggobbbyybywgoyrworooywwggwbbybbr
1283,U2 F1 R2 B0 F2 L2 B2 ,rrrywywoowowyrrorrbggggggbbyyywywooyyrrwowwoogggbbbbbb
1284,F1 R2 B0 F2 L2 B2 ,oowywyrrryrryrrorrgggggggbbyyywywooywowwowwoobggbbbbbb
1285,R2 B0 F2 L2 B2 ,oowywyyyoyrryrryrrggbggbgggwwowywooyworworworbggbbbbbb
1286,B0 F2 L2 B2 ,oooywwyyyrryrryrryggbggbggbwwwwyyoooworworworgggbbbbbb
1287,F2 L2 B2 ,yyyywwyyyrrorrorroggbggbggbwwwwyywwwoorooroorbbgbbgbbg
1288,L2 B2 ,yyyywwwwwrrorrorrobggbggbggyyywyywwwoorooroorbbgbbgbbg
1289,B2 ,yyywwwwwwrrorrorrogggggggggyyyyyywwwroorooroobbbbbbbbb
1290,U2 F1 L2 U2 B0 D0 F2 L2 R1 U1 ,wwgywwbyybrworwybrygorggbbrwoggyyobbrorrobyrooggobywwg
1291,F1 L2 U2 B0 D0 F2 L2 R1 U1 ,yybwwygwwrororwybroggrggbbrwoggyyobbbrwrobyroygoobywwg
1292,L2 U2 B0 D0 F2 L2 R1 U1 ,yybwwyroygororwwbrggrggborbwbogyyobbbrwrowyrgygoobywwg
1293,U2 B0 D0 F2 L2 R1 U1 ,wybgwyooygororwwbrggrygborbybowyyrbbgryworwrbygoobgwwg
1294,B0 D0 F2 L2 R1 U1 ,yooywgbywgryorwwbrygoygborbybowyyrbbgorworwrbggrobgwwg
1295,D0 F2 L2 R1 U1 ,ywrywgbywgrborbwbrygoygborbybowyygwwoorooryrbwogwbgggr
1296,F2 L2 R1 U1 ,ywrywgbywgrborborbygoygbyrbgwywybwyoooroorggrwogwbgwbr
1297,L2 R1 U1 ,ywrywgywgrrbrrbrrbbrybgyogywybwybwyooooooogggwogwbgwbr
1298,R1 U1 ,wwrwwgwwgrrbrrbrrbrryggyggyyybyybyyogggoooooowoowbbwbb
1299,U1 ,wwwwwwwwwbbbrrrrrrrrrggggggyyyyyyyyygggooooooooobbbbbb
1300,B1 R1 L1 D2 F1 R2 U1 B0 D1 F1 ,oggrwryywrwybrwbwwoggogybbroryoygrbbwygwogbyyrrgbbooow
1301,R1 L1 D2 F1 R2 U1 B0 D1 F1 ,bwwrwryywrwobrgbwgoggogybbroryoygwwyrygbogbyygowrborbo
1302,L1 D2 F1 R2 U1 B0 D1 F1 ,bwrrwryygoggwrwrbbogwogrbbworgoyywwrrygbogbyyyowgboybo
1303,D2 F1 R2 U1 B0 D1 F1 ,owrowrbygoggwrwrbbogwogrwbworgoyywwrggyyoyrbbyoygbrybb
1304,F1 R2 U1 B0 D1 F1 ,owrowrbygoggwrwrbbogwogrybbrwwyyogroggyyoyrbbyoygbrwbw
1305,R2 U1 B0 D1 F1 ,owrowrowrwggwrwrbbwrbggbooyyybyyogrogggyoyrbbyoygbrwbw
1306,U1 B0 D1 F1 ,owbowoowobbrwrwggwwrwgggooyyyryyrgrrgggyoyrbbyoybbrbbw
1307,B0 D1 F1 ,boowwwooowrwwrwggwggggggooyyyryyrgrryoyyoyrbbbbrbbrbbw
1308,D1 F1 ,wwwwwwooowrrwrrgggggggggooyyyryyryyrooyooybbbbbbbbbwrr
1309,F1 ,wwwwwwooowrrwrrwrrgggggggggrrryyyyyyooyooyooybbbbbbbbb
1310,F0 B2 L2 F2 D0 B1 R0 D2 L2 U2 ,oyrywbwooyrgwrorgoobbrgbrgwbwgyyorrggbbyogboyyrywbgwww
1311,B2 L2 F2 D0 B1 R0 D2 L2 U2 ,oyrywbygbwrgoroogorroggbwbbrwyyyorrggbbyowbogyrywbgwww
1312,L2 F2 D0 B1 R0 D2 L2 U2 ,grrywbygbwrboryoggrroggbwbbrwyyyoryoobboowgogwwwgbwyry
1313,F2 D0 B1 R0 D2 L2 U2 ,rrrywbrgbwrboryoggyrowgbwbbgwyyyoyyogogwoobbowwwgbgyrr
1314,D0 B1 R0 D2 L2 U2 ,rrrywbywgorborygggbbwbgworybgryyoyyogoowoobbwwwwgbgyrr
1315,B1 R0 D2 L2 U2 ,rrrywbywgorboryorybbwbgwbbwyybyygoorgoowooyrrwwwgbgggg
1316,R0 D2 L2 U2 ,ywgywbywgorrorrorrbbwbgwbbwyybyygyyboooooorrrwggwbgwgg
1317,D2 L2 U2 ,ywwywwywwooorrrrrrbbbbggbbbyywyywyywoooooorrrgggbbgggg
1318,L2 U2 ,ywwywwywwooorrrrrrbbbbgggggwyywyywyyoooooorrrgggbbgbbb
1319,U2 ,wwwwwwwwwooorrrrrrbbbggggggyyyyyyyyyrrroooooogggbbbbbb
1320,B0 F0 R2 L2 U2 D1 B0 L1 D2 B1 ,gogywobrwbbogrwwwgwbrygorggbyrwybbrwrboyoryryywygboogo
1321,F0 R2 L2 U2 D1 B0 L1 D2 B1 ,owgywobrwbbwgrrwwbwbrygorggbyrwybryygbooorgryogygbwooy
1322,R2 L2 U2 D1 B0 L1 D2 B1 ,owgywoyrobbwrrrwwbrywggbgorwgbwybryygbbooygrrogygbwooy
1323,L2 U2 D1 B0 L1 D2 B1 ,owbywbyrybwwrrrwbbryoggggoowggwyoryogbbooygrrrgybbwwoy
1324,U2 D1 B0 L1 D2 B1 ,wwbwwbrrybwwrrrwbbyyowggyoooggyyoyyorrgyoobbgrggbbgwor
1325,D1 B0 L1 D2 B1 ,yrrbwwbwwrrgrrrwbbrggwggyoooggyyoyyobwwyoobbgyyobbgwor
1326,B0 L1 D2 B1 ,yrrbwwbwwrrgrrrworrggwggwbbgoogyyoyybwwyooyooyyobbgbbg
1327,L1 D2 B1 ,grrbwwbwwrryrrywoorggwggwbbgoogyybyyrwwrooyoobbybbyggo
1328,D2 B1 ,rrrwwwwwwrryrrywooggggggbbboooyyyyyywoowoorrybbbbbbggg
1329,B1 ,rrrwwwwwwrryrryrrygggggggggyyyyyyooowoowoowoobbbbbbbbb
1330,B0 R0 L0 B0 R0 F0 U1 L2 D2 F2 ,ygwrwrooowyrrrrbbwgggwgbwbrooygywyyggwyoooowbbyrgbyrbb
1331,R0 L0 B0 R0 F0 U1 L2 D2 F2 ,rrwrwrooowygrrybbygggwgbwbrooygywgoowwygooywbrgbbbybyr
1332,L0 B0 R0 F0 U1 L2 D2 F2 ,rrgrwboorbrwbryyygggywgwwbooobgybgorwwygooywbogbrbywyr
1333,B0 R0 F0 U1 L2 D2 F2 ,rrgywbborbrwbryyygrgyrgwobogobwybworygwwowboyoggrbgwyo
1334,R0 F0 U1 L2 D2 F2 ,wygywbborbrrbroyywrgyrgwobogobwybywbggwrowroywroybgogg
1335,F0 U1 L2 D2 F2 ,wyyywwbooybbyrrworrgbrgbobbgoowyyywwggwrowroyrrobbgggg
1336,U1 L2 D2 F2 ,wyyywwywwbbborroororrbggbbbwyywyyywwgggrooroorrobbgggg
1337,L2 D2 F2 ,ywwywwwyyorrorroorgggbggbbbwyywyyywwrrorooroobbbbbgggg
1338,D2 F2 ,wwwwwwyyyorrorroorggggggbbbyyyyyywwwooroororrbbbbbbggg
1339,F2 ,wwwwwwyyyorrorrorrgggggggggwwwyyyyyyoorooroorbbbbbbbbb
1340,L0 D0 R2 F1 L2 D2 U0 L0 B1 U2 ,ywybwgbrgwwgyrgggrwwrrgbwbygwryyybrbroorogyoooobobywbo
1341,D0 R2 F1 L2 D2 U0 L0 B1 U2 ,owyywgbrgwwgyrgggrywrbgbbbywwrryywrbyrroooogooobobywbg
1342,R2 F1 L2 D2 U0 L0 B1 U2 ,owyywgbrgwwgyrgbbyywrbgbogowrwrywbyryrrooowbgoobobyggr
1343,F1 L2 D2 U0 L0 B1 U2 ,owwywwbrrybbgrygwwywgbgoogowryrygbygyrrooowbgoobbbyrgr
1344,L2 D2 U0 L0 B1 U2 ,owwywwyggybbrrywwwgoowggyborogrygbygyrroorwbboobbbyrgr
1345,D2 U0 L0 B1 U2 ,rwwrwwbggybbrrywwwrooyggbbooogyygyygbbwroorryooybbwrgg
1346,U0 L0 B1 U2 ,rwwrwwbggybbrryrryrooyggrgggyygyygoobbwroowwwooybbwbbo
1347,L0 B1 U2 ,brrgwwgwwooyrryrryybbyggrgggyygyygoorooroowwwbbwbbwbbo
1348,B1 U2 ,orrwwwwwwooyrryrrybbbggggggyyyyyyroowrrwoowoobbgbbgbbg
1349,U2 ,wwwwwwwwwooorrrrrrbbbggggggyyyyyyyyyrrroooooogggbbbbbb
1350,L0 F2 R2 D2 U2 F1 B1 R2 D2 B2 ,borgwybrryrywrwwowobgwgbogggrrbywgorwyyoorwyybgogbybbo
1351,F2 R2 D2 U2 F1 B1 R2 D2 B2 ,oorywyorryrywrwwowbbgggbbggorrwywoorwowyoyyrybgggbbbbg
1352,R2 D2 U2 F1 B1 R2 D2 B2 ,oorywyrroyryyrwwowggbbgggbbrrowywoorwowyowyrybgggbbbbg
1353,D2 U2 F1 B1 R2 D2 B2 ,oooywwrrrwowwryyryggbbgggbbrrrwyyooowowyowyrybgggbbbbg
1354,U2 F1 B1 R2 D2 B2 ,oooywwrrrwowwryyryggbbggbbgoooyywrrrwowyowyrybgggbbgbb
1355,F1 B1 R2 D2 B2 ,rrrwwyooowowwryyrybggbggbbgoooyywrrrwowyowyryggbgbbgbb
1356,B1 R2 D2 B2 ,rrrwwywwyooworyorygggggbbbbwwyyywrrrwooyooyroggbgbbgbb
1357,R2 D2 B2 ,yywwwywwyoororrorrgggggbbbbwwyyywyywrooroorrobbbgbbggg
1358,D2 B2 ,yyywwwwwwrrorrorooggggggbbbwwwyyyyyyrooroorrobbbbbbggg
1359,B2 ,yyywwwwwwrrorrorrogggggggggyyyyyywwwroorooroobbbbbbbbb
1360,L2 U0 D0 R2 U2 L2 B2 F0 R0 D0 ,ogwowyrbyooborygbwbrgggbygwgyorywrwrygybowwwrorbrbybog
1361,U0 D0 R2 U2 L2 B2 F0 R0 D0 ,ggwrwyrbyooborygbwgrgygbbgwoyooywrwrrwwwobygyoryrbgbob
1362,D0 R2 U2 L2 B2 F0 R0 D0 ,rrgbwgyyworyorygbwoobygbbgwoyooywrwrgrgwobygyrwwrbgbob
1363,R2 U2 L2 B2 F0 R0 D0 ,rrgbwgyyworyorybgwoobygbygyroowyyrwogrgwobbobrwwrbggbw
1364,U2 L2 B2 F0 R0 D0 ,rrobwyyyowgbyroyrooogygrygrrogwygrwwgrgwobbobywwbbgbbw
1365,L2 B2 F0 R0 D0 ,oyyywborrgrgyroyroywwygrygrrogwygrwwwgbwobboboogbbgbbw
1366,B2 F0 R0 D0 ,ryywwbrrrgrgyroyrowwwggrggroogyygowwbobbowbgwooybbybby
1367,F0 R0 D0 ,wwowwbrrrgrbyrbyrbwwwggrggroogyygyyrooboowggwybbybbyoo
1368,R0 D0 ,wwowwbwwbrrbrrbrrbggwggwrrwyygyygyyroooooogggybbybbyoo
1369,D0 ,wwwwwwwwwrrrrrrbbbggggggrrryyyyyyyyyoooooogggbbbbbbooo
1370,D1 B1 L2 F2 U0 D0 B2 U0 L2 F1 ,oywrwywyrgooorwybrorwbgbrbgyyowywrwyygboorbggggbobgbrw
1371,B1 L2 F2 U0 D0 B2 U0 L2 F1 ,oywrwywyrgooorwbrworwbgbybrowyyywywrygboorrbgggbobgbgg
1372,L2 F2 U0 D0 B2 U0 L2 F1 ,royrwywyrgooorybrworwbgbybrowyyywwwoygbworrbgbgggbggob
1373,F2 U0 D0 B2 U0 L2 F1 ,ooyywywyrgooorybrwbrwggbgbrrwyrywwwogbrrowbgybgygbbgoo
1374,U0 D0 B2 U0 L2 F1 ,ooyywyywryoowryrrwrbgbggwrbrywrywwwogbbroobggbgygbbgoo
1375,D0 B2 U0 L2 F1 ,yyowworyybgywryrrwyoobggwrbrywrywwworbgroobgggbbgbbgoo
1376,B2 U0 L2 F1 ,yyowworyybgywrywrbyoobggbggwrrwyyowwrbgroogoogbbgbbrrw
1377,U0 L2 F1 ,wwowworyybggwrrwrryoobggbggwrrwyyoyybbgyooyoowrrbbgbbg
1378,L2 F1 ,rwwywwyoowrrwrrwrrbggbggbggwrrwyyoyyyooyooyoobbgbbgbbg
1379,F1 ,wwwwwwooowrrwrrwrrgggggggggrrryyyyyyooyooyooybbbbbbbbb
1380,L1 F2 R1 U1 F2 L2 U1 R2 D2 F1 ,yybgwbryyboorroywbwooygbgbgowowygrrrgybgobwrwwrrwboygg
1381,F2 R1 U1 F2 L2 U1 R2 D2 F1 ,wybywbgyyboorroywbooowgbrbggwooygrrrbbwyorggwwrrwbgygy
1382,R1 U1 F2 L2 U1 R2 D2 F1 ,wybywbowgwoorrowwbgbrbgwoooyygoygrrrbbyyorggbwrrwbgygy
1383,U1 F2 L2 U1 R2 D2 F1 ,wyyywwowwooborwwrwgbbbgboogyyroywrrobbyyorggbrrrgbgggy
1384,F2 L2 U1 R2 D2 F1 ,ywwywwwyogbborwwrwbbybgboogyyroywrrorrryorggboobgbgggy
1385,L2 U1 R2 D2 F1 ,ywwywwryybbbrrwrrwgoobgbybboywoywrrorrwyoogggoobgbgggy
1386,U1 R2 D2 F1 ,owwowwryybbbrrwrrwyooggbbbbyywyywrrogggooywrrooygbbggg
1387,R2 D2 F1 ,wwywwyooryoorrwrrwgggggbbbbyywyywrroooyooywrrbbbgbbggg
1388,D2 F1 ,wwwwwwooowrrwrrooyggggggbbbyyyyyyrrrooyooywrrbbbbbbggg
1389,F1 ,wwwwwwooowrrwrrwrrgggggggggrrryyyyyyooyooyooybbbbbbbbb
1390,B2 U0 F0 B0 U0 F0 R2 U0 B1 L1 ,rrwwwybwyogborobgrorgbgwbowybrgywgyggbyyorworogwybrybo
1391,U0 F0 B0 U0 F0 R2 U0 B1 L1 ,gygwwybwyogworybggorgbgwbowybrgywwrrrbyoorborobyrbywgo
1392,F0 B0 U0 F0 R2 U0 B1 L1 ,bwgwwyyygobyorybggogwbgwbowybrgywwrrorgoorborrbyrbywgo
1393,B0 U0 F0 R2 U0 B1 L1 ,bwgwwyrrgybyyrygggbbooggwwwboogywwrroryoobborrbyrbywgo
1394,U0 F0 R2 U0 B1 L1 ,yygwwyrrgybryrrggwbbooggwwwboogywoobgrywobborwrrgbboyy
1395,F0 R2 U0 B1 L1 ,rwyrwygygwrryrrggwybroggwwwboogywoobbbowobborgrygbboyy
1396,R2 U0 B1 L1 ,rwyrwyrbogrryrrggwwoywgbwgrgywgywoobbbbwooboogrygbboyy
1397,U0 B1 L1 ,rwwrwwrbbwggrryrrgwoowggwgggyygyyooobbbwooboorrybbbyyy
1398,B1 L1 ,rrrbwwbwwrryrryrrgwggwggwgggyygyyooowoowooboobbbbbbyyy
1399,L1 ,bwwbwwbwwrrrrrrrrrwggwggwgggyygyygyyooooooooobbybbybby
1400,L1 F2 R0 U1 B2 L1 R2 D0 L2 U2 ,rgwgwyoyboggororrogrywgygbbrywwybwwgbryoobbryroywbbwgo
1401,F2 R0 U1 B2 L1 R2 D0 L2 U2 ,ggwwwygyboggororrorrywgywbboywbybywgybyrorbobroowbgwgr
1402,R0 U1 B2 L1 R2 D0 L2 U2 ,ggwwwywyobggrroyrobbwygwyrrbygbybywgybrroobooroowbgwgr
1403,U1 B2 L1 R2 D0 L2 U2 ,ggwwwwwyryrbrrgoogbbgygbyrgbywbywywrybrrooboooooybgwgr
1404,B2 L1 R2 D0 L2 U2 ,wwrgwygwwbbgrrgoogybrygbyrgbywbywywroooroobooyrbybgwgr
1405,L1 R2 D0 L2 U2 ,rwygwygwwbbbrrroooybrygbyrgbywbywrwwgoogoogoorgwgbybry
1406,R2 D0 L2 U2 ,ywyywyywwbbbrrrooobbrbgbrrgyywyywwwwoooooogggrgggbgbrr
1407,D0 L2 U2 ,ywwywwywwooorrrbbbbbbbggrrryyyyyywwwooooooggggggbbgrrr
1408,L2 U2 ,ywwywwywwooorrrrrrbbbbgggggwyywyywyyoooooorrrgggbbgbbb
1409,U2 ,wwwwwwwwwooorrrrrrbbbggggggyyyyyyyyyrrroooooogggbbbbbb
1410,L1 F2 R0 B0 U0 D0 L2 U2 B2 R2 ,oorrworwwbwwrrbgrbbrrwggrooyyyyybgooyyygogwbgggbwbywbo
1411,F2 R0 B0 U0 D0 L2 U2 B2 R2 ,borwworwwbwwrrbgrbyrrygggoooyyyybbooyggyobygwggrwbrwbo
1412,R0 B0 U0 D0 L2 U2 B2 R2 ,borwwoyyowwwbrbgrboogggyrrywwryybbooyggyorygbggrwbrwbo
1413,B0 U0 D0 L2 U2 B2 R2 ,bogwwyyyygbwrrwbbwoorggbrrowwwyywbogyggyorygbogrobrrbo
1414,U0 D0 L2 U2 B2 R2 ,wwwwwyyyygbgrrobbboorggbrrowwwyywyyygggoorbgbroobbgorr
1415,D0 L2 U2 B2 R2 ,ywwywwyywroorrobbbgbgggbrrowwwyywyyyooroorbgbgggbbgorr
1416,L2 U2 B2 R2 ,ywwywwyywroorrorrogbgggbbgbyywyywywwooroororrgggbbgbbb
1417,U2 B2 R2 ,ywwywwyywroorrorrobbgggbggbyywyywywwrroroorooggbbbgbbg
1418,B2 R2 ,wyywwywwyrrorrorroggbggbggbyywyywywwroorooroobbgbbgbbg
1419,R2 ,wwywwywwyrrrrrrrrrggbggbggbyywyywyywooooooooogbbgbbgbb
1420,U1 B1 F1 L1 U0 F0 L2 D0 U0 B1 ,rgyrwyrrbwboyrygboggobggyrwryooyobbyywwwowwwbbogobggrr
1421,B1 F1 L1 U0 F0 L2 D0 U0 B1 ,yybgwrrrrggoyrygboywwbggyrwryooyobbybogwowwwbwboobggrr
1422,F1 L1 U0 F0 L2 D0 U0 B1 ,wwbgwrrrrggyyrygbbywwbggyrwryooyooyobogbowywbogrbbrwog
1423,L1 U0 F0 L2 D0 U0 B1 ,wwbgwrgygogyyryrbbwgwwgrybygwboyooyoborborywrogrbbrwog
1424,U0 F0 L2 D0 U0 B1 ,wwbwwryygogyyryrbbggwogrobygwbryoryorrroowbbyoggbbgwow
1425,F0 L2 D0 U0 B1 ,ywwywwgrboggyryrbbogyogrobygwbryoryoggwoowbbyrrrbbgwow
1426,L2 D0 U0 B1 ,ywwywwywwgggrrybbbooobggyryryoryoryogggoowbbbrrrbbgwow
1427,D0 U0 B1 ,rwwrwwrwwgggrrybbbwoogggrryyyoyyoyyobbbwoogggrrybbbwoo
1428,U0 B1 ,rwwrwwrwwgggrryrrywooggggggyyyyyyooobbbwoowoorrybbbbbb
1429,B1 ,rrrwwwwwwrryrryrrygggggggggyyyyyyooowoowoowoobbbbbbbbb
1430,U2 D2 B0 L0 R1 F2 L1 B0 F2 L1 ,owwbwwoyyroorroyorbbbggygworrbbygbywgowrorwwyggyybbggr
1431,D2 B0 L0 R1 F2 L1 B0 F2 L1 ,yyowwbwwogowrroyorggyggygworrbbygbywroororwwybbbybbggr
1432,B0 L0 R1 F2 L1 B0 F2 L1 ,yyowwbwwogowrrowwyggyggyggrwybgybbrrroororyorbbbybbgwo
1433,L0 R1 F2 L1 B0 F2 L1 ,woywwbwwogorrrrwwbggyggyggrwybgybrryoooyoryorgybwbbobb
1434,R1 F2 L1 B0 F2 L1 ,boybwbbwogorrrrwwbwgywgywgrgybgybgryyyoooorrogyrwbgobw
1435,F2 L1 B0 F2 L1 ,boobwwbwgrrborwgrwwgywgbwgogyygyygrryyoooorroyyrbbgbbw
1436,L1 B0 F2 L1 ,boobwwyygorborworwogwbgwygwgwbgyygrryygooorrryyrbbgbbw
1437,B0 F2 L1 ,ooobwwyygorborworwggwggwggwwwbgyyrrrgoryoryoryyybbbbbb
1438,F2 L1 ,bwwbwwyygorrorrorrggwggwggwwwbgyygyyoorooroorbbybbybby
1439,L1 ,bwwbwwbwwrrrrrrrrrwggwggwgggyygyygyyooooooooobbybbybby
1440,R1 B2 F1 L1 U2 F0 R1 L0 F0 B1 ,boywwbyyrgroyrwwwgggwygbogrbobgybyrwyorroogrwbbrgbwoyo
1441,B2 F1 L1 U2 F0 R1 L0 F0 B1 ,boowwgyybowgrrwgywggyygbogrbowgybyrryorroogrwwbrbbwbyo
1442,F1 L1 U2 F0 R1 L0 F0 B1 ,rrywwgyybowgrrrgyyggyygbogrbowgyboobworwoogrwoybwbbrbw
1443,L1 U2 F0 R1 L0 F0 B1 ,rrywwgorgwwgorrbyyybrggggyorowgyboobwobwoygryoybwbbrbw
1444,U2 F0 R1 L0 F0 B1 ,yrygwggrgwwgorrbyyrbrgggoyowowbybbobbyyoorwwgoyowbwrbr
1445,F0 R1 L0 F0 B1 ,grggwgyrybyyorrbyyoyogggoyowowbybbobwwgoorwwgrbrwbwrbr
1446,R1 L0 F0 B1 ,grggwggrgyyyrrryyyogoygyogobobbybbobwwwooowwwrbrwbwrbr
1447,L0 F0 B1 ,grrgwwgrryryyryyryoggyggoggboobyyboowwwooowwwbbrbbwbbr
1448,F0 B1 ,rrrwwwrrryryyryyrygggggggggoooyyyooowowwowwowbbbbbbbbb
1449,B1 ,rrrwwwwwwrryrryrrygggggggggyyyyyyooowoowoowoobbbbbbbbb
1450,L0 D0 F2 B2 D1 L2 B1 F0 D2 B2 ,yyrbwwywrgrgyrwgbgrowrgbrgwwoogyowrobwbrogbybyoogbyybo
1451,D0 F2 B2 D1 L2 B1 F0 D2 B2 ,oyrywwowrgrgyrwgbgyowbgbygwrooryorrobrbyowbgbyowgbgybw
1452,F2 B2 D1 L2 B1 F0 D2 B2 ,oyrywwowrgrgyrwygwyowbgbbgbrrrryoooobrbyowybwyowgbggbg
1453,B2 D1 L2 B1 F0 D2 B2 ,oyrywwrrrwrgwrwbgwbgbbgbwoyrworyoooobryyoyybgyowgbggbg
1454,D1 L2 B1 F0 D2 B2 ,oooywwrrrwrywrybgbbgbbgbwoyrworyoryowrywoygbggbggbgwoy
1455,L2 B1 F0 D2 B2 ,oooywwrrrwrywrywoybgbbgbbgbooowyyrrrwrywoywoygbggbggbg
1456,B1 F0 D2 B2 ,ooowwwrrrwrywrywoyggbggbggboooyyyrrryowyowyrwgbbgbbgbb
1457,F0 D2 B2 ,yyywwwrrrwrowrowooggbggbggboooyyyyyyrowrowrrwbbbbbbggg
1458,D2 B2 ,yyywwwwwwrrorrorooggggggbbbwwwyyyyyyrooroorrobbbbbbggg
1459,B2 ,yyywwwwwwrrorrorrogggggggggyyyyyywwwroorooroobbbbbbbbb
1460,F1 B0 U0 R1 B2 D2 R0 B0 U2 F2 ,yrgwwworgwbowrwwybwgrbgroyryobgyboyrgggoorwobyyrobbygb
1461,B0 U0 R1 B2 D2 R0 B0 U2 F2 ,yrgwwwwwwbboorwyybrrrggywbogrbgyboyrgggoorwooyyrobbygb
1462,U0 R1 B2 D2 R0 B0 U2 F2 ,owbwwwwwwbbroryyyorrrggywbogrbgybgowgggroryooyoygbybbr
1463,R1 B2 D2 R0 B0 U2 F2 ,wwowwwwwbyoyoryyyobbrggywbogrbgybgowrrrroryooggggbybbr
1464,B2 D2 R0 B0 U2 F2 ,wwbwwgwwgyyooryyoybboggwwbbgrrgyygoorrrroryoowggbbybbr
1465,D2 R0 B0 U2 F2 ,oogwwgwwgyyyorryorbboggwwbbgrrgyybwwyrryorooorbbybbggw
1466,R0 B0 U2 F2 ,oogwwgwwgyyyorrooobboggwggwwwbyygrrgyrryoryorrbbybbwbb
1467,B0 U2 F2 ,ooowwwwwwooyoryorybbbggggggwwwyyyrrryrryoryorgbbgbbgbb
1468,U2 F2 ,yyywwwwwwoororrorrbbbggggggwwwyyyyyyorrooroorgggbbbbbb
1469,F2 ,wwwwwwyyyorrorrorrgggggggggwwwyyyyyyoorooroorbbbbbbbbb
1470,B2 U2 R2 L0 B2 R1 L2 F2 R1 U0 ,owowwbwyboogrrororrbywgygoyywbgygrygbggrobbrowrwybbygw
1471,U2 R2 L0 B2 R1 L2 F2 R1 U0 ,gyrwwbwyboobrrrrobrbywgygoyywbgygoworggoobgrowgybbywrw
1472,R2 L0 B2 R1 L2 F2 R1 U0 ,bywbwwrygrggrrrrobwgywgygoyywbgygowoooboobgrorbybbywrw
1473,L0 B2 R1 L2 F2 R1 U0 ,bybbwgryoborrrrggrwgwwgbgorywwgywowgooboobgroybyybyyrw
1474,B2 R1 L2 F2 R1 U0 ,wybywgyyoborrrrggrbgwbgbrorwwwwywgwggoorooobbyboybgyry
1475,R1 L2 F2 R1 U0 ,gwgywgyyoboorrrgggbgwbgbrorwwwwywbywrooroorbbyrygbyoby
1476,L2 F2 R1 U0 ,gwoywgyyyorgorgbrgbggbggroowwwwybbyrrooroorbbwrywbywby
1477,F2 R1 U0 ,wwowwgbyyorgorgbrgyggyggyoogwwyybyyrbbrooroorwrrwbbwbb
1478,R1 U0 ,wwowwgwwgrrgrrgrrgooyggyggyyybyybyyrbbboooooowrrwbbwbb
1479,U0 ,wwwwwwwwwgggrrrrrroooggggggyyyyyyyyybbboooooorrrbbbbbb
1480,U2 D0 F2 B2 R1 U1 F1 L0 D0 F0 ,byogwgbywrobyrowwwwogygrorogbgwyggbryrobobyryygrwbwbor
1481,D0 F2 B2 R1 U1 F1 L0 D0 F0 ,wybgwgoybyroyrowwwygrygrorogbgwyggbrrobbobyrywogwbwbor
1482,F2 B2 R1 U1 F1 L0 D0 F0 ,wybgwgoybyroyrooroygrygryrygwgbybrggrobbobborwogwbwwww
1483,B2 R1 U1 F1 L0 D0 F0 ,wybgwggwgrrobrobroyryrgyrgybyobybrggrooboyboywogwbwwww
1484,R1 U1 F1 L0 D0 F0 ,ggrgwggwgrrbbrbbrryryrgyrgybyobybbywoooooyooywwwwbwgow
1485,U1 F1 L0 D0 F0 ,ggggwwgwwbbrrrrrbbyrrrggrggbyybyybyyoooooyooywwwbbwoow
1486,F1 L0 D0 F0 ,gwwgwwgggyrrrrrrbbooorggrggbyybyybyywwwooyooybbrbbwoow
1487,L0 D0 F0 ,gwwgwwyrryrryrrbbboggoggorrwyybyybyywwgoogoogbbrbbwoow
1488,D0 F0 ,wwwwwwrrryrryrrbbbggggggyrroyyoyyoyyoowoowgggbbbbbboow
1489,F0 ,wwwwwwrrryrryrryrrgggggggggoooyyyyyyoowoowoowbbbbbbbbb
1490,U1 D2 F2 U0 L0 D2 F0 L2 R0 F0 ,rwbywbbrygrryrrwwgwwrgggbbooogwygwgogbooooroyybwybyyrb
1491,D2 F2 U0 L0 D2 F0 L2 R0 F0 ,bbywwrrybwwryrrwwggbogggbbooogwygwgoybwoooroygrrybyyrb
1492,F2 U0 L0 D2 F0 L2 R0 F0 ,bbywwrrybwwryrrroygbogggyrbogwgywgooybwooowwggrrybybbo
1493,U0 L0 D2 F0 L2 R0 F0 ,bbywwrwgogwrorrwoybrygggobgbyrgywgooybrooywwwgrrybybbo
1494,L0 D2 F0 L2 R0 F0 ,wwbgwborygrrorrwoygwrgggobgbyrgywgoobryooywwwybrybybbo
1495,D2 F0 L2 R0 F0 ,owbywbrrygrrorrwoywwrgggobggyrgywooowobworwyyybgybgbbb
1496,F0 L2 R0 F0 ,owbywbrrygrrorrwyywwrgggbbbooowygrygwobworwoyybgybgobg
1497,L2 R0 F0 ,owbywbyrbrrrrrryyybgwbgwbgrwogwygrygwoowoowooybgybgobg
1498,R0 F0 ,wwbwwbrrbrrrrrryyyggwggwggroogyygyygoowoowoowybbybbobb
1499,F0 ,wwwwwwrrryrryrryrrgggggggggoooyyyyyyoowoowoowbbbbbbbbb
1500,F2 B2 R2 D1 B0 L2 U0 B1 D1 F0 ,rogywybryroywrowgrobbrgbgobowoyyrgwbgbyyoworwrgwbbgwgy
1501,B2 R2 D1 B0 L2 U0 B1 D1 F0 ,rogywyowowoywroygrbogbgrbboyrbyyrgwbgbwyoworrrgwbbgwgy
1502,R2 D1 B0 L2 U0 B1 D1 F0 ,bwgywyowowoowryyggbogbgrbboyrbyyrgorrbwoowyrrygwgbbwgr
1503,D1 B0 L2 U0 B1 D1 F0 ,bwbywrowrggyyrwoowbowbggbbyyrgyyygoorbwoowyrrogwrbbggr
1504,B0 L2 U0 B1 D1 F0 ,bwbywrowrggyyrwggrbowbggoowgyoryoyygrbwoowbbyogwrbbyrr
1505,L2 U0 B1 D1 F0 ,ywrywrowrgggyryggybowbggoowgyoryorobbbwwowbbyyrorbgrbw
1506,U0 B1 D1 F0 ,gwrrwrrwrgggyryggywowgggoowyyoyyooobybbwowwbbyrorbbrbb
1507,B1 D1 F0 ,rrgwwwrrryroyryggyggggggoowyyoyyooobwowwowwbbybbrbbrbb
1508,D1 F0 ,wwwwwwrrryrryrrgggggggggoowyyoyyoyyooowoowbbbbbbbbbyrr
1509,F0 ,wwwwwwrrryrryrryrrgggggggggoooyyyyyyoowoowoowbbbbbbbbb
1510,R2 L0 U2 R2 B0 L1 U0 R1 D0 L1 ,gbwwwwbgbwgobrgworoyowgyrrgwyroyybrgybyroorgbgoorbbywy
1511,L0 U2 R2 B0 L1 U0 R1 D0 L1 ,gbrwwybggrowgrbogwoyywgrrrgwywoywbrbybyroorgbgooybbowy
1512,U2 R2 B0 L1 U0 R1 D0 L1 ,ybrbwyoggrowgrbogwgyywgrbrgoywwywrrbrrygobboygobybooww
1513,R2 B0 L1 U0 R1 D0 L1 ,ggoywbrbyrrygrbogwgobwgrbrgoywwywrrbrowgobboygyyybooww
1514,B0 L1 U0 R1 D0 L1 ,ggwywwrbbwgobrgyrrgoowgybrgoyowybrryrowgobboygyyrbobww
1515,L1 U0 R1 D0 L1 ,ogrywwrbbwgybrryrrgoowgybrgoyowybrgbwowgobgoybrgwbywoy
1516,U0 R1 D0 L1 ,ggrwwwbbbwgybrryrrooowgyrrgyyoyybggbwbyooowggbrrwbywoo
1517,R1 D0 L1 ,bwgbwgbwrbrrbrryrrwgywgyrrgyyoyybggboooooowggwbywbywoo
1518,D0 L1 ,bwwbwwbwwrrrrrrbbywggwggrrryyyyyygggoooooowggbbybbyooo
1519,L1 ,bwwbwwbwwrrrrrrrrrwggwggwgggyygyygyyooooooooobbybbybby
1520,B1 D0 U0 L1 D1 B2 L2 R0 F0 L0 ,wwbywrgyoygrrrwyywyrbbgwwyrgoggyggbbbboboorooygrobroww
1521,D0 U0 L1 D1 B2 L2 R0 F0 L0 ,rbbywrgyoygwrrwyybyrbbgwwyrgoggygwwrgbobooboorrwgbwyoo
1522,U0 L1 D1 B2 L2 R0 F0 L0 ,rbbywrgyoygwrrwwyryrbbgwboowggwyorgggbobooyoorrwgbwyyb
1523,L1 D1 B2 L2 R0 F0 L0 ,gyrywborbrrwrrwwyrygwbgwboowggwyorggyrbbooyoogbogbwyyb
1524,D1 B2 L2 R0 F0 L0 ,yyrbwbbrbrrwrrwwyrwgwwgwroobggwyooggboorooybygbogbyyyg
1525,B2 L2 R0 F0 L0 ,yyrbwbbrbrrwrrwyygwgwwgwwyrgoggygbwoboorooroogbogbyyby
1526,L2 R0 F0 L0 ,owbbwbbrbrrrrrryybwgwwgwwyrgoggygryygoowoowooybyybgobg
1527,R0 F0 L0 ,gwbgwbrrbrrrrrryybggwggwyyroogbygbyyoowoowoogybwybwobw
1528,F0 L0 ,gwwgwwrrryrryrrbrrggggggyyyooobyybyyoowoowoogbbwbbwbbw
1529,L0 ,gwwgwwgwwrrrrrrrrryggyggyggbyybyybyyooooooooobbwbbwbbw
1530,R2 B0 F2 U1 D2 L1 R1 B0 F1 L2 ,wogowggrrbyrbroggyrbyygyywwbgobyowrgbbyrorbwowwrybgowo
1531,B0 F2 U1 D2 L1 R1 B0 F1 L2 ,wooowogrgyggorbrybrboygyywwbggbygwrrbbyrorbwowwrybgywo
1532,F2 U1 D2 L1 R1 B0 F1 L2 ,gbbowogrgygrorrrywrboygyywwbggbygbrbobyoorwwoyywwbwogr
1533,U1 D2 L1 R1 B0 F1 L2 ,gbbowoggbogrrrryywwwyygyobrgrgbygbrbobrooowwyyywwbwogr
1534,D2 L1 R1 B0 F1 L2 ,bobbwggogwwyrrryywobrygyobrgrgbygbrbyywooowwyogrwbwogr
1535,L1 R1 B0 F1 L2 ,bobbwggogwwyrrrwwyobrygyogrbrbgybgrgyywoooyywogrwbwobr
1536,R1 B0 F1 L2 ,oobywgoogwwyrrrwwybbrggyggrrrbwybrrgwowyoyyoyoggwbbobb
1537,B0 F1 L2 ,oooywwoooyrywrwwrwbbbggggggrrrwyyrrrwowyoyyoygggbbbbbb
1538,F1 L2 ,ywwywwoooyrrwrrwrrbbbggggggrrrwyywyyoowooyooybbgbbgbbg
1539,L2 ,ywwywwywwrrrrrrrrrbggbggbggwyywyywyyooooooooobbgbbgbbg
1540,F1 L1 D2 B1 U0 L0 F1 D0 B1 F0 ,gybrwwgbwrgorryywgyrgwgyygorrboybrywrwoboobgbwbyoboogw
1541,L1 D2 B1 U0 L0 F1 D0 B1 F0 ,gybrwwrrybgorryrwggyorggywyooboybrywrwwbobbggwbyoboogw
1542,D2 B1 U0 L0 F1 D0 B1 F0 ,gybrwwyrybgorryrwgoyooggrwywoboybyywwbgwogrbbwbrobrogg
1543,B1 U0 L0 F1 D0 B1 F0 ,gybrwwyrybgorryrbboyooggoggwyybyobowwbgwogrwgwbrobrrwy
1544,U0 L0 F1 D0 B1 F0 ,rwwrwwyrybggrryrbboyooggoggwyybyobyobbgoogwwgrrybbwwor
1545,L0 F1 D0 B1 F0 ,yrrrwwywwrryrryrbbbggoggoggwyybyobyooyooogwwgbbgbbwwor
1546,F1 D0 B1 F0 ,rrrwwwgwwrryrryrbbyggrggyggbyyoyooyowoowoyggobbbbbbwow
1547,D0 B1 F0 ,rrrwwwrrryryyrybbbggggggyryoyooyooyowowwowgggbbbbbbwow
1548,B1 F0 ,rrrwwwrrryryyryyrygggggggggoooyyyooowowwowwowbbbbbbbbb
1549,F0 ,wwwwwwrrryrryrryrrgggggggggoooyyyyyyoowoowoowbbbbbbbbb
1550,R2 F1 D1 U0 R2 D2 U2 L0 F1 D2 ,bbbowygrbogwwrwybowyyoggobrgrgrywbbgwgrooyrgyroorbwwyy
1551,F1 D1 U0 R2 D2 U2 L0 F1 D2 ,bbgowwgrgobywrwwgowywogrobrgrbryybbbwgrooyrgyroogbwyyy
1552,D1 U0 R2 D2 U2 L0 F1 D2 ,bbgowwowwbbyrrwggowrrygbwooryyryybbbwggoorrggroogbwyyy
1553,U0 R2 D2 U2 L0 F1 D2 ,bbgowwowwbbyrrwyyywrrygbggoyybyybrrbwggoorwooroogbwrgg
1554,R2 D2 U2 L0 F1 D2 ,oobwwbwwgroorrwyyybbyygbggoyybyybrrbwrroorwoowgggbwrgg
1555,D2 U2 L0 F1 D2 ,oobwwbwwbyyywrroorbbryggggwyybyybrrgwrroorwoooggbbwygg
1556,U2 L0 F1 D2 ,oobwwbwwbyyywrrwoobbryggygggrrbyybyywrroorooroggbbwggw
1557,L0 F1 D2 ,bwwbwwboowrrwrrwoooggyggygggrrbyybyyyyyooroorbbrbbwggw
1558,F1 D2 ,wwwwwwroowrrwrrwoobggbggbggorryyyyyyooyooyrrybbbbbbggg
1559,D2 ,wwwwwwwwwrrrrrroooggggggbbbyyyyyyyyyoooooorrrbbbbbbggg
1560,F1 L1 U1 B0 F1 D2 B1 F0 R2 U0 ,owygwwboborgyrryogywyggrrbrgrgbyyrywborgoybowobwgbwobw
1561,L1 U1 B0 F1 D2 B1 F0 R2 U0 ,owygwwoyygrgrrrgogyrrwgbygrrywbyyrywbobgoobobobwgbwobw
1562,U1 B0 F1 D2 B1 F0 R2 U0 ,ywywwwyyygrgrrrgogrrrbgbrgrwywwyywywbobooobgbobogbgobo
1563,B0 F1 D2 B1 F0 R2 U0 ,ywywwyywyrrrrrrgogbobbgbrgrwywwyywywoboooobgbgrggbgobo
1564,F1 D2 B1 F0 R2 U0 ,rrgwwyywyrrwrrygowbobbgbrgrwywwyyoobybowooygboggbbrogg
1565,D2 B1 F0 R2 U0 ,rrgwwyrrgwrwyrywowbbroggbbroobwyyoobybywowygyoggbbrogg
1566,B1 F0 R2 U0 ,rrgwwyrrgwrwyryygybbroggoggbooyywbooybywowwowoggbbrbbr
1567,F0 R2 U0 ,wwywwyrrgwrryrryggbbroggoggbooyywyywbbyoowoowgrrgbbobb
1568,R2 U0 ,wwywwywwyrrrrrrgggoobggbggryywyywyywbbboooooogrrgbbobb
1569,U0 ,wwwwwwwwwgggrrrrrroooggggggyyyyyyyyybbboooooorrrbbbbbb
1570,U2 F0 R1 B1 D0 R1 L2 F0 D1 B1 ,rrrywobryobybryrwrwwgggyybgbwyoyowwwwgororogobybobbggg
1571,F0 R1 B1 D0 R1 L2 F0 D1 B1 ,yrbowyrrrwgobryrwrbybggyybgbwyoyowwwobyrorogowwgobbggg
1572,R1 B1 D0 R1 L2 F0 D1 B1 ,yrbowyoryrgorryrwrygbbgygybrbwoyowwwobbrowogywwgobbggg
1573,B1 D0 R1 L2 F0 D1 B1 ,yrgowoorwoyrgrwrrrygbbgygyyrbboyywwbobbrowogywwgobbwgg
1574,D0 R1 L2 F0 D1 B1 ,oroowoorwoyygrrrrgygbbgygyyrbboyyrwrwbbwowbgygbgwbgwow
1575,R1 L2 F0 D1 B1 ,oroowoorwoyygrrgyyygbbgybgyrorwybrybwbbwowwowgbgwbgrrg
1576,L2 F0 D1 B1 ,orrowworgyryyryoggygobgobgwrobwyyryywbbwowwowbbgbbgrrg
1577,F0 D1 B1 ,rrrwwwrrgyryyryoggggoggoggwooboyyoyywowwowbbwbbbbbbrry
1578,D1 B1 ,rrrwwwwwwrryrrygggggggggwoooyyoyyoyywoowoobbbbbbbbbrry
1579,B1 ,rrrwwwwwwrryrryrrygggggggggyyyyyyooowoowoowoobbbbbbbbb
1580,B2 L0 D0 R1 U1 B1 R2 U2 F1 D0 ,wyrrwbyyryrborbwboobgrgwbygyorgyowwbgyggogborwgowbwyro
1581,L0 D0 R1 U1 B1 R2 U2 F1 D0 ,bwwrwbyyryrborgwbgobgrgwbygyorgyorywoygbogbororywbwogw
1582,D0 R1 U1 B1 R2 U2 F1 D0 ,wwwwwbyyryrborgwbgbbgrgwyygoorryobywbboooyrggorrwbgogy
1583,R1 U1 B1 R2 U2 F1 D0 ,wwwwwbyyryrborgyygbbgrgwrggbroyyoworbboooyogyorrwbgwbg
1584,U1 B1 R2 U2 F1 D0 ,wwwwwwyyobggrryyoybbwrgbrgrbrgyywwogbboooyogyrrrobgobg
1585,B1 R2 U2 F1 D0 ,wwowwywwybbwrryyoybborgbrgrbrgyywwogrrrooyogybggobgobg
1586,R2 U2 F1 D0 ,oorwwywwybbwrrwyoobborgbrgrbrgyywyywwrrooyggyggggbbboo
1587,U2 F1 D0 ,oogwwwwwwooywrrwbbbbbrggrggbrryyyyyywrrooyggyrggbbbooo
1588,F1 D0 ,wwwwwwgoowrrwrrwbbrggrggrggbrryyyyyyooyooyggybbbbbbooo
1589,D0 ,wwwwwwwwwrrrrrrbbbggggggrrryyyyyyyyyoooooogggbbbbbbooo
1590,B1 R2 L0 B0 R1 D0 B0 F2 R0 D1 ,yyywwboybowrorrborwoywgbwrrogybygroborgyogwybgggbbrwwg
1591,R2 L0 B0 R1 D0 B0 F2 R0 D1 ,wyowwboybowyoryboywoywgbwrrogybygrrrrrgoogbybgrggbwgbw
1592,L0 B0 R1 D0 B0 F2 R0 D1 ,wyywwgoyryobyroywowogwggwrgogobybrrbrrgoogbybrrgbbwybw
1593,B0 R1 D0 B0 F2 R0 D1 ,wyywwggyryobyroywowogwggorgwgowybwrbboryorbggrrrbbbybo
1594,R1 D0 B0 F2 R0 D1 ,boowwggyryobyrrywwwogwggorgwgowybbybyoryorwggybrbbrobr
1595,D0 B0 F2 R0 D1 ,boowwbgyybrworwyyywoowggorrwggwygbygyoryorwggbbrbbrobr
1596,B0 F2 R0 D1 ,boowwbgyybrworworrwoowggwggbwwyyggggyoryorobrbbrbbryyy
1597,F2 R0 D1 ,wwrwwbgyybrgorgorgwoowggwggbwwyygyyoooroorbbrybbybbyrr
1598,R0 D1 ,wwrwwbwwbrrgrrgrrgggwggwoowyygyygyyooooooobbbybbybbyrr
1599,D1 ,wwwwwwwwwrrrrrrgggggggggoooyyyyyyyyyoooooobbbbbbbbbrrr
1600,U1 L0 B0 F0 D0 U0 R0 F2 U1 L0 ,ygrbwowyyrwgyrbyborgbwgowgoorboyybrgowgoorwbbywgrbgwyr
1601,L0 B0 F0 D0 U0 R0 F2 U1 L0 ,roygwyybwrgbyrbyboowgwgowgoorboyybrgywgoorwbbrwgrbgwyr
1602,B0 F0 D0 U0 R0 F2 U1 L0 ,roygwygbwrgbyrbyborwgggoygoorbwyywrgwoybowbrgrwbrbowyo
1603,F0 D0 U0 R0 F2 U1 L0 ,bbogwygbwrggyrrybwrwgggoygoorbwyywbbyoyoowrrgwrrybwoob
1604,D0 U0 R0 F2 U1 L0 ,bbogwygwygggbrrwbwygrggwoogyyrwyywbbyoooorrrbwrrybwoob
1605,U0 R0 F2 U1 L0 ,bbogwygwygggbrroogygrggwrrbwwybyybyryooooroobwrrybwwbw
1606,R0 F2 U1 L0 ,ggbwwbyyowrrbrrooggggggwrrbwwybyybyrygrooroobyooybwwbw
1607,F2 U1 L0 ,gggwwwyybobworrgrrggyggyrrrwwwbyybyyygrooroobooobbwbbw
1608,U1 L0 ,gggwwwwwwbbwrrrrrrrrryggyggbyybyybyyyggooooooooobbwbbw
1609,L0 ,gwwgwwgwwrrrrrrrrryggyggyggbyybyybyyooooooooobbwbbwbbw
1610,F0 U1 B0 R1 D2 U0 F0 L0 D1 U2 ,bwrgwroooywyyrwyrwwbbygrrbrgwgyybogbrogbooygwbgwobyorg
1611,U1 B0 R1 D2 U0 F0 L0 D1 U2 ,bwrgwrwogowyorworwrywbgbrrbyyyyybogbrogbowyggbgwobyorg
1612,B0 R1 D2 U0 F0 L0 D1 U2 ,rrgwwobgwryworworwrogbgbrrbyyyyybogbbgwbowyggowyobyorg
1613,R1 D2 U0 F0 L0 D1 U2 ,wwwwwobgwryborgororogbgbrrbyyyyybbbyggwrowrggooorbwgyy
1614,D2 U0 F0 L0 D1 U2 ,wwgwwrbgobgoyrrroorowbgorrwyygyybbbbggwrowrggyoobbwyyy
1615,U0 F0 L0 D1 U2 ,wwgwwrbgobgoyrrrggrowbgoyyybbbbyygyyggwrowrooyoobbwrrw
1616,F0 L0 D1 U2 ,bwwgwworgyooyrrrggbgobgoyyybbbbyygyyrowrowrooggwbbwrrw
1617,L0 D1 U2 ,bwwgwwowwooorrrgggybbyggyooryybyygyyrobrobrobggwbbwrrw
1618,D1 U2 ,wwwwwwwwwooorrrgggbbbgggoooyyyyyyyyyrrrooobbbgggbbbrrr
1619,U2 ,wwwwwwwwwooorrrrrrbbbggggggyyyyyyyyyrrroooooogggbbbbbb
1620,L0 F2 D0 U1 R2 D2 B2 U2 L2 R2 ,oywgwyoywgbgorrbgbyoowgbyoorwwgyyrwwgobboggrbrrybbwrry
1621,F2 D0 U1 R2 D2 B2 U2 L2 R2 ,yywwwyyywgbgorrbgboooggboooywwwyyywwgbgroobgbrrrbbgrrr
1622,D0 U1 R2 D2 B2 U2 L2 R2 ,yywwwywwybbgorrggbooobggooowyywyyywwgbbroobggrrrbbgrrr
1623,U1 R2 D2 B2 U2 L2 R2 ,yywwwywwybbgorroooooobggbggywwwyywyygbbroorrrrrrbbgggb
1624,R2 D2 B2 U2 L2 R2 ,wyyywwywwoooorrooogbbbggbggywwwyywyyrrrroorrrbbgbbgggb
1625,D2 B2 U2 L2 R2 ,wywywyywyooorroooogbgbgbbgbywywywwywrrrroorrrgbggbgbgb
1626,B2 U2 L2 R2 ,wywywyywyooorrorrrgbgbgbbgbwywwywywyrrrrooooogbggbgbgb
1627,U2 L2 R2 ,ywyywyywyooorrrrrrgbgbgbbgbwywwywwywrrroooooobgbgbggbg
1628,L2 R2 ,ywyywyywyrrrrrrrrrbgbbgbbgbwywwywwywooooooooogbggbggbg
1629,R2 ,wwywwywwyrrrrrrrrrggbggbggbyywyywyywooooooooogbbgbbgbb
1630,F2 L2 U0 D2 F0 L1 D0 F1 R2 B0 ,rygrwwryyggrbrrgybworrgwoyowbyoygooybbboowwbgwrygbgowb
1631,L2 U0 D2 F0 L1 D0 F1 R2 B0 ,rygrwwybwggrwrrbyboyowgrrowyyroygooybbgoobwbgwrygbgowb
1632,U0 D2 F0 L1 D0 F1 R2 B0 ,yygowwobwggrwrrbybbyoggryowryrrygyoygbwboogbbwrrgbwowo
1633,D2 F0 L1 D0 F1 R2 B0 ,ooybwywwgwrrwrrbybggrggryowryrrygyoybyoboogbbgbwgbwowo
1634,F0 L1 D0 F1 R2 B0 ,ooybwywwgwrrwrrgbbggrggrowoyoygyrryrbyoboobybgbwgbwyow
1635,L1 D0 F1 R2 B0 ,ooybwyboowrrwrrgbboggwggorrgwwgyrryrbyyboobyygbwgbwyow
1636,D0 F1 R2 B0 ,ooywwyooowrrwrrgbbggggggrrrwwwwyrwyryoyyoybbbgbbgbbyoo
1637,F1 R2 B0 ,ooywwyooowrrwrrrrrggggggbbbwwwyywrrwyoyyoyyoogbbgbbgbb
1638,R2 B0 ,ooywwywwrwrrwrrwrrggbggbggbyyoyywrrwyooyooyoogbbgbbgbb
1639,B0 ,ooowwwwwwrrwrrwrrwgggggggggyyyyyyrrryooyooyoobbbbbbbbb
1640,F2 U0 L1 F0 R1 B1 L2 D1 F2 B0 ,ggywwgyywrwrbrrbywbbgogroorbbygyrwroyboooyrywgoowbwggb
1641,U0 L1 F0 R1 B1 L2 D1 F2 B0 ,ggywwgybbwwryrroywroorgogbbwyygyrwroybboobryrgoowbwggb
1642,L1 F0 R1 B1 L2 D1 F2 B0 ,ywgbwgbgygooyrroywwwrrgogbbwyygyrwroroooobryrybbwbwggb
1643,F0 R1 B1 L2 D1 F2 B0 ,wwgrwgggygooyrroywwwrggowbbbyywyrbroobrooyrorybbwbbggy
1644,R1 B1 L2 D1 F2 B0 ,wwgrwgryrgoogrryywwgwbgwboroygwyrbroobbooyroyybbwbbggy
1645,B1 L2 D1 F2 B0 ,wwgrwwryyorworyggywggbggboroywwywbrrobbooyroyobbrbbggy
1646,L2 D1 F2 B0 ,roorwwryyorworwgggwggbggboroywwywyywbbbroyroybbybbgorg
1647,D1 F2 B0 ,ooowwwyyyorworwgggggggggyorrywrywrywyoryorbbbbbbbbborw
1648,F2 B0 ,ooowwwyyyorworworwgggggggggwwwyyyrrryoryoryorbbbbbbbbb
1649,B0 ,ooowwwwwwrrwrrwrrwgggggggggyyyyyyrrryooyooyoobbbbbbbbb
1650,U0 B2 R1 D2 U0 F1 B1 R2 L0 U1 ,rrwrwggrryogorwwyryggggbwwbggowybbybbboyoyyborwyobowro
1651,B2 R1 D2 U0 F1 B1 R2 L0 U1 ,grrrwrrgwrwyorwwyryogggbwwbggowybbybyggyoyybobboobowro
1652,R1 D2 U0 F1 B1 R2 L0 U1 ,bybrwrrgwrwyorywyyyogggbwwbggowybrrgrggwoyyboorwoboobb
1653,D2 U0 F1 B1 R2 L0 U1 ,byorworgoyyywryrowyobggrwwwgggwybrrbrggwoyybogrwbboobb
1654,U0 F1 B1 R2 L0 U1 ,byorworgoyyywryyboyobggrobbbrrbywgggrggwoyrowgrwbbowww
1655,F1 B1 R2 L0 U1 ,rrbgwyooogrwwryyboyyyggrobbbrrbywgggyobwoyrowrggbbowww
1656,B1 R2 L0 U1 ,rrbgwygwyrrwrrybboyrbygbygobywbywgggyoowooroorggbbowww
1657,R2 L0 U1 ,rwygwygwyrrrrrrbbbyrbygbygobywbywoywgoogoogoogowgbwrbw
1658,L0 U1 ,rwwgwwgwwbbbrrrrrryrryggyggbyybyyoyygoogoogoooowbbwbbw
1659,U1 ,wwwwwwwwwbbbrrrrrrrrrggggggyyyyyyyyygggooooooooobbbbbb
1660,U0 F1 R1 B1 L0 U0 F0 L0 R2 F1 ,yggwwobgobbygrbyyorowygygwowrbwybobgrgwyooyorrrbrbrwwg
1661,F1 R1 B1 L0 U0 F0 L0 R2 F1 ,bwygwgoogrrbgrbyyobbyygygwowrbwybobgrowyooyorrgwrbrwwg
1662,R1 B1 L0 U0 F0 L0 R2 F1 ,bwygwgrgybrbrrbwyoyyobgwbygworwybobgrogyooyoorgwrbrwwg
1663,B1 L0 U0 F0 L0 R2 F1 ,bwwgwrrgrbborrybrwyyybggbyywoowywobgrogyooyooggwbbrrwg
1664,L0 U0 F0 L0 R2 F1 ,yyrgwrrgrbbbrrwbrwyyybggbyywoowywwyooogboogoowrggbwgbr
1665,U0 F0 L0 R2 F1 ,ryrwwrggrbbbrrwbrwyyygggryyyoobywbyogboooooogwrwgbwgbw
1666,F0 L0 R2 F1 ,gwrgwyrrrwrwrrwbrwbbbgggryyyoobywbyoyyyoooooggbogbwgbw
1667,L0 R2 F1 ,gwrgwygoyrrwrrwrrwrgbygbygbbrwbywbyoyyyoooooogbogbwgbw
1668,R2 F1 ,wwrwwyooyrrwrrwrrwggbggbggbrrwyywyyoooyooyooygbbgbbgbb
1669,F1 ,wwwwwwooowrrwrrwrrgggggggggrrryyyyyyooyooyooybbbbbbbbb
1670,L2 U1 D2 B1 L1 D1 R2 L2 B0 U2 ,bgrywroygwggwrwoyyyrrbggorwgbbwybowbrgbooogbyyowobyrrw
1671,U1 D2 B1 L1 D1 R2 L2 B0 U2 ,ggrwwroygwggwrwoyywrryggwrwbbbyybowbybgooobgryooobbrry
1672,D2 B1 L1 D1 R2 L2 B0 U2 ,rrggwygwowrrwrwoyyybgyggwrwbbbyybowbyooooobgrwggobbrry
1673,B1 L1 D1 R2 L2 B0 U2 ,rrggwygwowrrwrwbgrybgyggrrybwobyybbbyooooooyywggobbwrw
1674,L1 D1 R2 L2 B0 U2 ,ooygwygwowrrwrrbggybgyggrrybwobyyrwrbooboobyygbwgbrwow
1675,D1 R2 L2 B0 U2 ,yoyywyrwowrrwrrbggbbgbggrrywworyywwrooyooybbbgbggbgwoo
1676,R2 L2 B0 U2 ,yoyywyrwowrrwrrwoobbgbggbggoyrwywwrwooyooyrrygbggbgbbb
1677,L2 B0 U2 ,yorywwrwwoowrrwrrwbbbbggbggoyywyywroooyooyrrygbggbggbb
1678,B0 U2 ,oorwwwwwwoowrrwrrwbbbggggggyyyyyyrroyrryooyoogbbgbbgbb
1679,U2 ,wwwwwwwwwooorrrrrrbbbggggggyyyyyyyyyrrroooooogggbbbbbb
1680,D0 B0 R1 U2 D0 B1 L1 F2 R1 U2 ,bwogwgooygoyyryobgwwrwgoyywbbbbyowwryrgyorrroggrgbrwbb
1681,B0 R1 U2 D0 B1 L1 F2 R1 U2 ,bwogwgooygoyyryyywwwrwgorrowbbwybrobyrgyorwbbggrgbrobg
1682,R1 U2 D0 B1 L1 F2 R1 U2 ,yywgwgooygobyroyyrwwrwgorrowbbwybyyworgworbbboggbbggrr
1683,U2 D0 B1 L1 F2 R1 U2 ,yyggwbooobororygyywwwwggrrywbrwyoyyoorgworbbbwggbbgbrr
1684,D0 B1 L1 F2 R1 U2 ,ooobwggyyorgorygyywggwggrrywbrwyoyyoborworbbbwwwbbgbrr
1685,B1 L1 F2 R1 U2 ,ooobwggyyorgoryrrywggwggbbbywwyyboorborworbrrwwwbbggyy
1686,L1 F2 R1 U2 ,bwbbwggyyoroororrowggwggbbbywwyybyygooroorrrrwgywbywbg
1687,F2 R1 U2 ,wwbwwgbyyoroororroyggyggybbgwwyybyygrrrooroorwggwbbwbb
1688,R1 U2 ,wwbwwgwwgrrorrorrobbyggyggyyybyybyygrrroooooowggwbbwbb
1689,U2 ,wwwwwwwwwooorrrrrrbbbggggggyyyyyyyyyrrroooooogggbbbbbb
1690,F1 U2 B2 D1 U1 F1 R1 U0 B2 R2 ,obgywogyyrgrbrrrwgrgbogobobwwwwyryyowrygoyobowrggbwybb
1691,U2 B2 D1 U1 F1 R1 U0 B2 R2 ,obgyworbrwgrwrrwwgbobggorobyyowyryyowrygoyobgwrggbwybb
1692,B2 D1 U1 F1 R1 U0 B2 R2 ,rbrowygbowrywrrwwgwrgggorobyyowyryyowgrgoyobgbobgbwybb
1693,D1 U1 F1 R1 U0 B2 R2 ,oyyowygbowrowrgwwwwrgggorobyyowyrrbrggrroyybgbbywbgbob
1694,U1 F1 R1 U0 B2 R2 ,oyyowygbowrowrgbobwrgggowwworryybywrggrroyrobbbywbgybg
1695,F1 R1 U0 B2 R2 ,yyoywboogwrgwrgbobggrggowwworryybywrbbyroyrobwrowbgybg
1696,R1 U0 B2 R2 ,yyoywbwwbrrgrrgoobrowggwggwyybyybywrbbgrooroowrowbgybg
1697,U0 B2 R2 ,yyyywwwwwggbrrorrorooggbggbyywyywywwbbgrooroorrobbgbbg
1698,B2 R2 ,wyywwywwyrrorrorroggbggbggbyywyywywwroorooroobbgbbgbbg
1699,R2 ,wwywwywwyrrrrrrrrrggbggbggbyywyywyywooooooooogbbgbbgbb
1700,D1 L0 R2 B2 F1 D0 L0 B2 F0 R0 ,yygrwwoowbbrorrygrbyrogwgoorbbyyywbyogwwogobywrgwbgbrg
1701,L0 R2 B2 F1 D0 L0 B2 F0 R0 ,yygrwwoowbbrorrbrgbyrogwygrbyybybrywogwwoggoowrgwbgoby
1702,R2 B2 F1 D0 L0 B2 F0 R0 ,yyggwwgowbbrorrbrgyyrrgwogrbyyoybyywgwooogogwwrrwbbobb
1703,B2 F1 D0 L0 B2 F0 R0 ,yyygwbgowgrbrrorbbyyorgwogwbygoywyywgwooogogwrrrwbbrbb
1704,F1 D0 L0 B2 F0 R0 ,wyygwbgowgrorrorbgyyorgwogwbygoywyyybwooogbgwbbrbbwrrr
1705,D0 L0 B2 F0 R0 ,wyygwbgrrgroyrobbgowwyggyroogwoywyyybwwooobggbbrbbwrrr
1706,L0 B2 F0 R0 ,wyygwbgrrgroyroyroowwyggbggyooyygywwbwwooorrrbbrbbwbbg
1707,B2 F0 R0 ,gyywwbrrrgroyroyrowwwggggggoooyygbwwrobrowrowbbybbybby
1708,F0 R0 ,wwbwwbrrrgrryrryrrwwwggggggoooyygyygooboowoowybbybbybb
1709,R0 ,wwbwwbwwbrrrrrrrrrggwggwggwyygyygyygoooooooooybbybbybb
1710,L2 D0 U0 L1 R0 B0 L1 D0 F0 B0 ,gboywrooogggrrbrbgyyyggwoybbgwgywywrrrbyowbowwoyrbbwor
1711,D0 U0 L1 R0 B0 L1 D0 F0 B0 ,bbogwryoogggrrbrbgryybgwyybggwyywowrwobwoybrrwoorbgwoy
1712,U0 L1 R0 B0 L1 D0 F0 B0 ,bbogwryoogggrrbyybryybgwbrroygwygrwwwobwoywoywoorbgrbg
1713,L1 R0 B0 L1 D0 F0 B0 ,ygbowborowoorrbyybgggbgwbrroygwygrwwryywoywoywobrbgrbg
1714,R0 B0 L1 D0 F0 B0 ,ggbbwbbrowoorrbyyboggwgwrrrgyggygbwwyyyyoorwwwoorborby
1715,B0 L1 D0 F0 B0 ,gggbwwbrryrwyrobbooggwggrrwgyrgyrbwwyyyyoorwwooobbobby
1716,L1 D0 F0 B0 ,woobwwbrryrwyrwbbboggwggrrwgyrgyryyrgyygoogwwbbobboyoo
1717,D0 F0 B0 ,ooowwwrrryrwyrwbbbggggggyrwoyroyroyryowyowgggbbbbbbyow
1718,F0 B0 ,ooowwwrrryrwyrwyrwgggggggggoooyyyrrryowyowyowbbbbbbbbb
1719,B0 ,ooowwwwwwrrwrrwrrwgggggggggyyyyyyrrryooyooyoobbbbbbbbb
1720,F0 U2 B2 R0 F2 B1 D2 F0 L0 B2 ,ywbywgwroborrryrwyrwwwggwgggyyyygwoooogroorroybgbbbbbb
1721,U2 B2 R0 F2 B1 D2 F0 L0 B2 ,ywbywgoogworrryowywwrggwggwrrbyygwoooogroyrryybgbbbbbb
1722,B2 R0 F2 B1 D2 F0 L0 B2 ,googwybwyoogrryowyybgggwggwrrbyygwooworroyrrywwrbbbbbb
1723,R0 F2 B1 D2 F0 L0 B2 ,oowgwybwyoorrrrowwybgggwggwrrbyygoogyoryoygrybbbbbbrww
1724,F2 B1 D2 F0 L0 B2 ,ooggwwbwworowrowrrybbggggggrrryyboobyoryoygryybbybbwww
1725,B1 D2 F0 L0 B2 ,ooggwwrrryroyrorrrggggggbbywwbyyboobyowyowgroybbybbwww
1726,D2 F0 L0 B2 ,gyygwwrrryroyrorrgggggggbbywwbyybroooowoowbrobbwbbwyyw
1727,F0 L0 B2 ,gyygwwrrryroyrobroggggggyywoorbyybwwoowoowrrgbbwbbwbby
1728,L0 B2 ,gyygwwgwwrrorrorroyggyggwggbyybyybwwoooooorrrbbwbbwbby
1729,B2 ,yyywwwwwwrrorrorrogggggggggyyyyyywwwroorooroobbbbbbbbb
1730,L2 U2 D2 F0 U0 L0 D0 F2 B2 U1 ,wowwwyrwybbgyrorrgwbowgrgoyoybyybyryoobgogggwrgbbbrrwo
1731,U2 D2 F0 U0 L0 D0 F2 B2 U1 ,oowywyywybbgyrorrgoborgrboywybwybrrywgggogboorggbbwrww
1732,D2 F0 U0 L0 D0 F2 B2 U1 ,ywyywywoowggyrorrgrggrgrboywybwybrrybbggogbooobobbwrww
1733,F0 U0 L0 D0 F2 B2 U1 ,ywyywywoowggyroboorggrgrrwwyrrbywbywbbggogrrgobobbwboy
1734,U0 L0 D0 F2 B2 U1 ,ywyywygggwggoroooorrrwggwrgbywbywbywbbygorrrrobobbwboy
1735,L0 D0 F2 B2 U1 ,gyygwwgyyobooroooowggwggwrgbywbywbywrrrgorrrrbbybbwboy
1736,D0 F2 B2 U1 ,yyywwwyyyobooroooogggggggrgwywwywwywrgrrorrrrbbbbbbbob
1737,F2 B2 U1 ,yyywwwyyyoboorogrgggggggrrrwwwyyywwwrgrrorbobbbbbbbooo
1738,B2 U1 ,yyywwwwwwbborrorrgrrrggggggyyyyyywwwrggrooboobbbbbbooo
1739,U1 ,wwwwwwwwwbbbrrrrrrrrrggggggyyyyyyyyygggooooooooobbbbbb
1740,U2 F2 R0 D0 L0 U2 F1 R2 U0 B0 ,wwwgwgoogryborbwwoygyogyorggwrwyobbgbrbrobrbyogrrbywyy
1741,F2 R0 D0 L0 U2 F1 R2 U0 B0 ,googwgwwwbrborbwwoogrogyorggwrwyobbgrybrobrbyygyrbywyy
1742,R0 D0 L0 U2 F1 R2 U0 B0 ,googwgrwgyrbbrbbwogroygorgowwwwyobbgrywroorbbygyrbywyy
1743,D0 L0 U2 F1 R2 U0 B0 ,googworwobbywrrobbgrwygorggwwwwyrbbyrywroorbbggygbyoyy
1744,L0 U2 F1 R2 U0 B0 ,googworwobbywrrrgggrwygorbbbwwbywyrwrywroooyyggygbyobb
1745,U2 F1 R2 U0 B0 ,booywoywobbywrrrgggrwggorbbgwwyywrrworryoyyowggygbbobb
1746,F1 R2 U0 B0 ,owyowyooborrwrrrggggyggorbbgwwyywrrwbbyyoyyowgrwgbbobb
1747,R2 U0 B0 ,owyowyowrwrrwrrgggyobggbggryywyywrrwbbbyooyoogrwgbbobb
1748,U0 B0 ,owwowwowwgggrrwrrwyooggggggyyyyyyrrrbbbyooyoorrwbbbbbb
1749,B0 ,ooowwwwwwrrwrrwrrwgggggggggyyyyyyrrryooyooyoobbbbbbbbb
1750,L0 B1 D0 F2 U0 D2 L0 F2 U1 B0 ,wwrgwyyrrwgworyrrwgbbggyyyybbbbywogbgorooryoogborbwowg
1751,B1 D0 F2 U0 D2 L0 F2 U1 B0 ,gwrwwyorrwgworyrrwwbbggyyyygbbgywygbyogoooorrgborbbowb
1752,D0 F2 U0 D2 L0 F2 U1 B0 ,ooywwyorrwggorwrrrwbbggyyyygbbgywwywyoggoobrrobbbbwgro
1753,F2 U0 D2 L0 F2 U1 B0 ,ooywwyorrwggorwyyywbbggybrrwggyybwwbyoggoogroobbbbwrrr
1754,U0 D2 L0 F2 U1 B0 ,ooywwyggwoggorwgyyrrbyggbbwrroyybwwbyoygoogrwobbbbwrrr
1755,D2 L0 F2 U1 B0 ,gwogwowyyobborwgyyoggyggbbwrroyybwwbrrbgoogrwyoybbwrrr
1756,L0 F2 U1 B0 ,gwogwowyyobborwgrwoggyggrrrbwwbyyorrrrbgoogyyyoybbwbbw
1757,F2 U1 B0 ,wwowwoyyyobborwgrwggggggwrrowwyyyrrrggryoryobyoobbbbbb
1758,U1 B0 ,wwowwowwobbbrrwrrwrrwggggggyyyyyyrrrgggyooyooyoobbbbbb
1759,B0 ,ooowwwwwwrrwrrwrrwgggggggggyyyyyyrrryooyooyoobbbbbbbbb
1760,F2 B2 U2 L0 F2 U0 D0 B0 R2 U2 ,oywwwbowogrggrbbggyryggyrrryyybyrrwwbbbwoobygrowobgoow
1761,B2 U2 L0 F2 U0 D0 B0 R2 U2 ,oywwwbyyygrgorbbggrrryggyryowobyrrwwbbbwogbygrowobgoow
1762,U2 L0 F2 U0 D0 B0 R2 U2 ,wwrwwbyyygrborwbgbrrryggyryowobyrwyogbbboggygwoogbowor
1763,L0 F2 U0 D0 B0 R2 U2 ,yyybwwrwwgbborwbgbwooyggyryowobyrwyogrbboggygrrrgbowor
1764,F2 U0 D0 B0 R2 U2 ,ryyowwrwwgbborwbgbyoobggrrywwoyyryyogbgyorggbrrwgbbwoo
1765,U0 D0 B0 R2 U2 ,ryyowwowwbbbrrwggbyrrggbooywwryyryyogbbyoogggrrwgbbwoo
1766,D0 B0 R2 U2 ,oorwwywwyrrwrrwggbbbbggbooywwryyryyoyrryooggggbbgbbwoo
1767,B0 R2 U2 ,oorwwywwyrrwrrwooybbbggbgggyywyyworryrryoowoogbbgbbggb
1768,R2 U2 ,wwywwywwyrrrrrrooobbbggbgggyywyywyywrrrooooooggggbbbbb
1769,U2 ,wwwwwwwwwooorrrrrrbbbggggggyyyyyyyyyrrroooooogggbbbbbb
1770,U1 D1 R2 U0 F0 B2 L1 R0 F1 U0 ,oygbwbboyoryorrwwoowgggyryrbgbwybggwwoyroorryrbggbybww
1771,D1 R2 U0 F0 B2 L1 R0 F1 U0 ,gbyywoobbowgorrwwowoyggyryrbgbwybggwrbgroorryorygbybww
1772,R2 U0 F0 B2 L1 R0 F1 U0 ,gbyywoobbowgorrbwwwoyggywwobbwgygbwgrbgrooryrorygbyrry
1773,U0 F0 B2 L1 R0 F1 U0 ,gbwywgobgwwbrrogwoworgggwwobbygyobwbrbgrooryroryybyyry
1774,F0 B2 L1 R0 F1 U0 ,oygbwbggworyrrogwowwbgggwwobbygyobwbworrooryrrbgybyyry
1775,B2 L1 R0 F1 U0 ,oygbwbrorgrygrowwowgwwgwogbgrogyobwbwobrobryyrbgybyyry
1776,L1 R0 F1 U0 ,bwbbwbrorgrrgrrwwwwgwwgwogbgrogyogyoooboobyyyyryybygbr
1777,R0 F1 U0 ,wwbwwboorgrrgrrwwwggwggwggbrroyyoyyobbyooyooyyrrybbgbb
1778,F1 U0 ,wwwwwwoobwggwrrwrrggoggoggorrgyyyyyybbyooyooyrrrbbbbbb
1779,U0 ,wwwwwwwwwgggrrrrrroooggggggyyyyyyyyybbboooooorrrbbbbbb
1780,U0 L0 F1 R2 D2 L0 U1 F2 R1 D1 ,gbgwwbwrobyogrorbwbywbgrwwygrbyywywgrorgoroooyoygbyrgb
1781,L0 F1 R2 D2 L0 U1 F2 R1 D1 ,wwgrwbobgyoygrorbwbyobgrwwygrbyywywgbywgorooororgbyrgb
1782,F1 R2 D2 L0 U1 F2 R1 D1 ,bwgywbrbgyoygrorbwwyorgrowybrbbywwwgogbooyorwroygbyrgg
1783,R2 D2 L0 U1 F2 R1 D1 ,bwgywbygrboyrrobbworyygwwrobywbywwwgoggooborrroygbyrgg
1784,D2 L0 U1 F2 R1 D1 ,bwwywwyggwbborryoborryggwrrbygbybwwroggooborrooywbyygg
1785,L0 U1 F2 R1 D1 ,bwwywwyggwbborrorrorryggyggrwwbybgyboggoobyobooywbywrr
1786,U1 F2 R1 D1 ,rwwywwyggwbborrorrbrryggyggowwyybyybyoooogbbgoogwbbwrr
1787,F2 R1 D1 ,wwgwwgryybrrorrorryooyggyggowwyybyyboogoogbbgwbbwbbwrr
1788,R1 D1 ,wwgwwgwwogrrgrrgrrggyggyooyyyryybyyboooooobbbwbbwbbwrr
1789,D1 ,wwwwwwwwwrrrrrrgggggggggoooyyyyyyyyyoooooobbbbbbbbbrrr
1790,D0 B0 R1 D0 U0 L2 R1 U0 F1 B1 ,yyowwyrygorybrgowgyowbgowgwbobbyobrrrrgrowyyrggbwbbwgo
1791,B0 R1 D0 U0 L2 R1 U0 F1 B1 ,yyowwyrygorybrgwgwyowbgoyyrbbbryorobrrgrowwgoggbwbbowg
1792,R1 D0 U0 L2 R1 U0 F1 B1 ,ygwwwyrygorbbrowgryowbgoyyrbbbryorrworgyowygoowgwbggbb
1793,D0 U0 L2 R1 U0 F1 B1 ,yggwwwryoborrrgobwyowbgyyygbbwryorrrorgyowygowwgobgbbb
1794,U0 L2 R1 U0 F1 B1 ,yggwwwryoborrrgyygyowbgyygorrbrybroworgyowbbbwwgobgobw
1795,L2 R1 U0 F1 B1 ,rwyywgowgwwgrrgyygborbgyygorrbrybrowyowyowbbborgobgobw
1796,R1 U0 F1 B1 ,rwyrwgrwgwwgrrgyygworggyggorrbyyboowbbbwoywoyoryobbobb
1797,U0 F1 B1 ,rworworwogggwrywrywoyggggggrrryyyooobbbwoywoywrybbbbbb
1798,F1 B1 ,rrrwwwooowrywrywrygggggggggrrryyyooowoywoywoybbbbbbbbb
1799,B1 ,rrrwwwwwwrryrryrrygggggggggyyyyyyooowoowoowoobbbbbbbbb
1800,U0 B0 L1 U0 D2 F2 B0 D0 U1 R2 ,bwwbwwwowgggorwygwoyooggggoyrbbyygwryybyobyrorrrbbrbor
1801,B0 L1 U0 D2 F2 B0 D0 U1 R2 ,wbbowwwwwrrrorwygwgggoggggoyrbbyygwroyoyobyroyybbbrbor
1802,L1 U0 D2 F2 B0 D0 U1 R2 ,rwwowwwwwrrrorwygggggoggggoyrbbyyoyybyobobwrobbyobyrrb
1803,U0 D2 F2 B0 D0 U1 R2 ,gwwowwgwwrrrorwyggyggbggogobrbyyyyyyoboyorbbwbbwoborrr
1804,D2 F2 B0 D0 U1 R2 ,gogwwwwwwbbworwyggrrrbggogobrbyyyyyyyggyorbbwobooborrr
1805,F2 B0 D0 U1 R2 ,gogwwwwwwbbworwbbwrrrbggrrryyyyyybrbyggyoryggobooboogo
1806,B0 D0 U1 R2 ,gogwwwyyygbwrrwgbwrrrggbrrrwwwyyybrbygbyooygbobooboogo
1807,D0 U1 R2 ,wwwwwwyyygbbrrrgbbrrrggbrrrwwwyyyyyyggboooggbooogbbooo
1808,U1 R2 ,wwwwwwyyygbbrrrrrrrrrggbggbyywyywyywggbooooooooogbbgbb
1809,R2 ,wwywwywwyrrrrrrrrrggbggbggbyywyywyywooooooooogbbgbbgbb
1810,F2 L0 R1 F2 U2 R0 F0 D0 R0 L0 ,yrybwgwwoywggroobbrbbrgyoygbowwyybbwgrgrogrowowrgbyroy
1811,L0 R1 F2 U2 R0 F0 D0 R0 L0 ,yrybwgwobwwggrogbbgyoygrbbrowwwyybbwgrorogroyowrgbyroy
1812,R1 F2 U2 R0 F0 D0 R0 L0 ,yryywgrobwwggrogbbyyobgrwbrgwwyyybbwrrgoorygoowbgbwroo
1813,F2 U2 R0 F0 D0 R0 L0 ,yrrywgroogobwrbwggyyybggwbbgwoyyrbbrrrgoorygowwbybwwoo
1814,U2 R0 F0 D0 R0 L0 ,yrrywgowgoobrrbgggbbwggbyyyooryyrbbrrrwoowyggwwbybwwoo
1815,R0 F0 D0 R0 L0 ,gwogwyrryrrwrrbgggwwbggbyyyooryyrbbrooboowyggbbwybwwoo
1816,F0 D0 R0 L0 ,gwbgwbrrygrrgrrgbwwwrggryyroowyyybbbooboowyggybwybwooo
1817,D0 R0 L0 ,gwbgwbgwbrrrrrrybwygwygwrrrgggyyybbbooooooygwybwybwooo
1818,R0 L0 ,gwbgwbgwbrrrrrrrrrygwygwygwbygbygbygoooooooooybwybwybw
1819,L0 ,gwwgwwgwwrrrrrrrrryggyggyggbyybyybyyooooooooobbwbbwbbw
1820,L1 D1 R1 U1 D0 R1 F2 B0 R2 U1 ,bwobwwbgwgbygrbywbwooygrrrrgwgbyobywoyooogrrwggyobyrry
1821,D1 R1 U1 D0 R1 F2 B0 R2 U1 ,wwoywwrgwgbygrbywbgoobgrbrrywgyyoyywogwyoroorggbobbrrb
1822,R1 U1 D0 R1 F2 B0 R2 U1 ,wwoywwrgwgbygrbrrbgoobgrywbgowwyyyyyogwyorbrrggbobboor
1823,U1 D0 R1 F2 B0 R2 U1 ,wwoyworggybbbrrggrgoobgwywwgoowyryybogwyorbrrygbybbwor
1824,D0 R1 F2 B0 R2 U1 ,oogwwgwyrgoobrrggrogwbgwywwgoowyryybygbyorbrrybbybbwor
1825,R1 F2 B0 R2 U1 ,oogwwgwyrgoobrrywwogwbgwbrrywgyyobroygbyorworybbybbggr
1826,F2 B0 R2 U1 ,oogwwywyyorworwgbyoggbggbrrywwyywbrrygbyorworobbobbggr
1827,B0 R2 U1 ,oogwwywwyrrwrrwbbyrrbggbggoyywyywbrryggyoowooobbobbggr
1828,R2 U1 ,wwywwywwyrrrrrrbbbrrbggbggoyywyywyywgggoooooogoogbbrbb
1829,U1 ,wwwwwwwwwbbbrrrrrrrrrggggggyyyyyyyyygggooooooooobbbbbb
1830,D2 L1 F1 U1 R2 D1 F1 R2 B0 L1 ,rbobwogyrwyywrwygrogbogbwrrowgyyoorygywbowbrbgowgbrbgy
1831,L1 F1 U1 R2 D1 F1 R2 B0 L1 ,rbobwogyrwyywrwbrbogbogbbgyyrooyygwogywbowygrgowgbrwrr
1832,F1 U1 R2 D1 F1 R2 B0 L1 ,oboowobyrwyywrwbrbygbogbggyrroryywwowwryoggbygoggbbwrr
1833,U1 R2 D1 F1 R2 B0 L1 ,oboowowwboyyrrwrrbbbygggyogrgyryywwowwryoygbbgoggbbwrr
1834,R2 D1 F1 R2 B0 L1 ,oobbwwoowbbyrrwrrbwwrgggyogrgyryywwogogyoygbboyygbbwrr
1835,D1 F1 R2 B0 L1 ,ooybwyooobrrwrrybbwwwgggyoorgbrywwwwgogyoygbbgyygbbrrr
1836,F1 R2 B0 L1 ,ooybwyooobrrwrrrrrwwwgggybbbwwgywrrwgogyoyyoogyygbbgbb
1837,R2 B0 L1 ,ooybwybwrwrrwrrbrrwgbwgbwgygyogywrrwgooyooyoogyygbbgbb
1838,B0 L1 ,ooobwwbwwrrbrrwrrwwggwggwgggyygyyrrrgooyooyooyyybbbbbb
1839,L1 ,bwwbwwbwwrrrrrrrrrwggwggwgggyygyygyyooooooooobbybbybby
1840,F2 D1 L2 B0 F0 L2 U1 D1 R1 F0 ,wwbrwwoyrybybrwbbwgbgogrwyrgryryobogbgygoyowoogrobyrgw
1841,D1 L2 B0 F0 L2 U1 D1 R1 F0 ,wwbrwwyrgobyyrwybwrywrgogbgryoryobogbgbgobowyogrobyrgw
1842,L2 B0 F0 L2 U1 D1 R1 F0 ,wwbrwwyrgobyyrwrgwrywrgoybwoogyyorrbbgbgobgbgogrobyowy
1843,B0 F0 L2 U1 D1 R1 F0 ,owbywwrrgobyyrwrgwyywygorbwwogryoyrbgbgbogbgbogyobrowr
1844,F0 L2 U1 D1 R1 F0 ,ywwywwrrgobbyrrrgyyywygorbwwogryogbbbbgwogogbooowbgrry
1845,L2 U1 D1 R1 F0 ,ywwywwbggrbbrrrggyryybgywowryoryogbbbbwwoooggooowbgrry
1846,U1 D1 R1 F0 ,rwwrwwgggrbbrrrggyyyyggyoowyyoyyobbbggooowwbboowwbbrrr
1847,D1 R1 F0 ,wwgwwgrrgyyyrrrggyggoggyoowyyoyyobbboowoowwbbrbbwbbrrr
1848,R1 F0 ,wwgwwgrrgyyyrrrrrrggoggyggyoobyybyyboowoowoowrbbwbbwbb
1849,F0 ,wwwwwwrrryrryrryrrgggggggggoooyyyyyyoowoowoowbbbbbbbbb
1850,B1 F0 U2 D2 B0 L1 F1 R1 L1 U0 ,owogwyywrgowgrrgyrrowggwgbwyoobygrygyrbboobrobrbybwybw
1851,F0 U2 D2 B0 L1 F1 R1 L1 U0 ,bbygwyywrgoogrwgyorowggwgbwyoobygrrwrrbyoogrobwwrbbbyy
1852,U2 D2 B0 L1 F1 R1 L1 U0 ,bbygwyoobyoowrwryoggrbgowwwgggbygrrwrryyoogrobwwrbbbyy
1853,D2 B0 L1 F1 R1 L1 U0 ,booywgybbrrywrwryobwwbgowwwgggbygrrwyooyoogroggrrbbbyy
1854,B0 L1 F1 R1 L1 U0 ,booywgybbrrywrwgrobwwbgobyywrrgybgggyooyooryoggrrbbwww
1855,L1 F1 R1 L1 U0 ,ywoywgybbrrgwrggrgbwwbgobyywrrgybyyroooooobyowrgwbgwbr
1856,F1 R1 L1 U0 ,bwobwgbbbrrgwrggrgwwwggoyyyrrrgybgyroooooyoobwrywbywby
1857,R1 L1 U0 ,bwobwgrwgrrgrrgrrgwoywgywgyoybgybgyroobooboobwrywbywby
1858,L1 U0 ,bwwbwwrwwgggrrrrrrwoowggwggoyygyygyyoobooboobrrybbybby
1859,U0 ,wwwwwwwwwgggrrrrrroooggggggyyyyyyyyybbboooooorrrbbbbbb
1860,B2 R2 D0 F1 U0 L1 B1 D2 R0 L0 ,oyorwoooygwwyrrwgyggrbggyorrbbrywrbowyyboywwbboggbwbrg
1861,R2 D0 F1 U0 L1 B1 D2 R0 L0 ,obrrwoooygwwyrbwgwggrbggyorrbbrywoyoyyyroywwbgrbwbggob
1862,D0 F1 U0 L1 B1 D2 R0 L0 ,obbrwwooowgwbrywwggggbgwyogrbrryooyyyyyroywwbrrbgbgrob
1863,F1 U0 L1 B1 D2 R0 L0 ,obbrwwooowgwbryyoggggbgwwwborryybyoryyyroyrobrrbgbgwwg
1864,U0 L1 B1 D2 R0 L0 ,obbrwwwbyrgwrryooggwbggwgbwyybyybyoryyorooroorrbgbgwwg
1865,L1 B1 D2 R0 L0 ,wrobwbywbrrbrryoogrgwggwgbwyybyybyorgwbroorooyyogbgwwg
1866,B1 D2 R0 L0 ,rrogwbgwbrrbrryoogygwygwybwgybgyboorboowoogrryyygbbwww
1867,D2 R0 L0 ,gwbgwbgwbrrrrrroooygwygwybwgybgybgyboooooorrrybwybwygw
1868,R0 L0 ,gwbgwbgwbrrrrrrrrrygwygwygwbygbygbygoooooooooybwybwybw
1869,L0 ,gwwgwwgwwrrrrrrrrryggyggyggbyybyybyyooooooooobbwbbwbbw
1870,L2 B0 R2 L1 D1 R1 B1 F1 L1 B0 ,wywgwrwoyogrrrwbwrrwgrgwyoyrgobygbrggygyoboobboobbbyyw
1871,B0 R2 L1 D1 R1 B1 F1 L1 B0 ,rywbwrboyogrrrwbwrwwgbgwooywgogygwrgbooboygygboybbryyr
1872,R2 L1 D1 R1 B1 F1 L1 B0 ,rwrbwrboyoggrrrbwwwwgbgwooywgogygbbgwooyoyrygybbyborry
1873,L1 D1 R1 B1 F1 L1 B0 ,rwobwgbogwwbrrrggowwrbgyooywgrgyrbbywooyoyrygybbwbogry
1874,D1 R1 B1 F1 L1 B0 ,wwobwgoogwwbrrrggowwrggyboyygroyrbbyoygooywyrybbwbbgrr
1875,R1 B1 F1 L1 B0 ,wwobwgoogwwbrrrgrrwwrggyggorrygybyoboygooyboyybbwbbwyr
1876,B1 F1 L1 B0 ,wwwbwwooybrrwrrwrgwwoggggggrrrgyyyoooygooyboybbbbbbyyr
1877,F1 L1 B0 ,boobwwooybrwwrwwrwwwoggggggrrrgyygrryygooyooybbrbbybby
1878,L1 B0 ,boobwwbwwrrwrrwrrwoggwggwgggyygyygrryyyoooooobbrbbybby
1879,B0 ,ooowwwwwwrrwrrwrrwgggggggggyyyyyyrrryooyooyoobbbbbbbbb
1880,B2 L0 R0 F2 D2 L2 R1 F1 D2 L1 ,grygwwryobrgwrrroyggwbggwwbgowbyyywbrowooroyoogyybbrbb
1881,L0 R0 F2 D2 L2 R1 F1 D2 L1 ,bwygwwryobrowrororggwbggwwbgowbyyyrgyowrorgyobbrbbyygo
1882,R0 F2 D2 L2 R1 F1 D2 L1 ,owyywwryobrowrororbgwgggrwbgowbyywrggryyooorwbbybbbygg
1883,F2 D2 L2 R1 F1 D2 L1 ,owwywgrybrwborrroobgwggyrwggoybybwrbgryyooorwobywbbygg
1884,D2 L2 R1 F1 D2 L1 ,owwywgyogwwborryoogwryggwgbbyrbybwrbgrryooorrobywbbygg
1885,L2 R1 F1 D2 L1 ,owwywgyogwwborrorrgwryggyggbrwbybrybgrryooyooobywbbwgb
1886,R1 F1 D2 L1 ,bwwbwgrogwwborrorrbwrbggyggorwyybyybooyooyrrgobywbywgg
1887,F1 D2 L1 ,bwwbwwroobrrwrrwoobwwbggyggorryygyygooyooyrrgbbybbywgg
1888,D2 L1 ,bwwbwwbwwrrrrrrooowggwggbbyyygyygyygoooooorrrbbybbywgg
1889,L1 ,bwwbwwbwwrrrrrrrrrwggwggwgggyygyygyyooooooooobbybbybby
1890,F1 U0 L0 B2 F0 L0 U2 F1 D2 R1 ,gwgywwboobgybrroorrbwbgwbybyrywyygowogwyororrrowgbbggy
1891,U0 L0 B2 F0 L0 U2 F1 D2 R1 ,gwgywwbboygyrrryorwwbbgyrbbwrrwyygowogoyooorbrowgbbggy
1892,L0 B2 F0 L0 U2 F1 D2 R1 ,bygbwwowgrowrrryorygybgyrbbwrrwyygowwwbyooorbogogbbggy
1893,B2 F0 L0 U2 F1 D2 R1 ,yygbwwowgrowrrryorbgybgyobbyrrbyyrowoywrowbobogggbwggw
1894,F0 L0 U2 F1 D2 R1 ,worbwwowgrobrrryoobgybgyobbyrrbyygyyrywrowwobwggwbgggo
1895,L0 U2 F1 D2 R1 ,worbwwbwwoobwrrgooobbbggbyyyrrbyygyyryyrorworwggwbgggo
1896,U2 F1 D2 R1 ,oorgwwgwwoobwrrgoowbbbggbyyorrbyybyywrrooyrrywggwbbggy
1897,F1 D2 R1 ,wwgwwgroowrrwrrgoowggbggbyyorrbyybyyoobooyrrywbbwbbggy
1898,D2 R1 ,wwgwwgwwgrrrrrroooggyggywbbbyybyybyyoooooorrrwbbwbbggy
1899,R1 ,wwgwwgwwgrrrrrrrrrggyggyggyyybyybyybooooooooowbbwbbwbb
1900,R2 B2 L2 F2 R1 U0 F2 B0 R1 U1 ,oboywobwrgwbrrrrorwrwbgbwgbgwwoygrgggoogoyyboywyybyyrb
1901,B2 L2 F2 R1 U0 F2 B0 R1 U1 ,obwywgbwgrorrrrbwgwrybgywgygwooyorgrgoogoyybobwybbywrb
1902,L2 F2 R1 U0 F2 B0 R1 U1 ,rgrywgbwgroyrrgbwgwrybgywgygwooyowbogooroyrbobrwybbywb
1903,F2 R1 U0 F2 B0 R1 U1 ,ggrowgwwgroyrrgbwgbrybgywgyrwoyyobboobryoroogbrwybbyww
1904,R1 U0 F2 B0 R1 U1 ,ggrowgowrgoyrrgrwgygwygbyrbgwwyyobboobbyoroorbrwybbyww
1905,U0 F2 B0 R1 U1 ,ggyowyowbyggorwgrrygryggyrrgwwyybbbbobbyoroororwobbwww
1906,F2 B0 R1 U1 ,oogwwgbyyorworwgrryggyggyrrgwwyybbbbygryoroorobbobbwww
1907,B0 R1 U1 ,oogwwgwwgrrwrrwrrrrryggyggyyybyybbbbyggyoooooobbobbwww
1908,R1 U1 ,wwrwwgwwgrrbrrbrrbrryggyggyyybyybyyogggoooooowoowbbwbb
1909,U1 ,wwwwwwwwwbbbrrrrrrrrrggggggyyyyyyyyygggooooooooobbbbbb
1910,L0 R0 U1 B1 F0 D0 U2 B1 D2 F2 ,owrbwrgwygyygrbwyyworygwogbgrogyorwowrrgobbyybrgobobbw
1911,R0 U1 B1 F0 D0 U2 B1 D2 F2 ,wwrowrgwygyygrbwyyoorbgwggbwroyyoowobgwyorybrbrrobgbbg
1912,U1 B1 F0 D0 U2 B1 D2 F2 ,wwrowwgwbwggyryybyooobgoggowrbyyoowbbgwyorybryrrrbgrbg
1913,B1 F0 D0 U2 B1 D2 F2 ,rwbwwwwogoooyryybybgwbgoggowrbyyoowbyrryorybrwggrbgrbg
1914,F0 D0 U2 B1 D2 F2 ,yyywwwwogooryrwybbbgwbgoggowrbyyoyyoorrworbbrggggbbwrr
1915,D0 U2 B1 D2 F2 ,yyywwwrrrwororwgbbgbbgggoowyyoyyoyyoorwworbbbggggbbwrr
1916,U2 B1 D2 F2 ,yyywwwrrrwororwoowgbbgggbbbyyyyyyoooorwworwrrggggbbgbb
1917,B1 D2 F2 ,rrrwwwyyyorworwoowggggggbbbyyyyyyoooworworwrrgbbgbbgbb
1918,D2 F2 ,wwwwwwyyyorrorroorggggggbbbyyyyyywwwooroororrbbbbbbggg
1919,F2 ,wwwwwwyyyorrorrorrgggggggggwwwyyyyyyoorooroorbbbbbbbbb
1920,B2 F2 L0 R1 U1 B1 L0 F2 D1 L2 ,worywbywwooworobyoogbyggyrrbwybyryggbbgbogrwogyrwbrwrg
1921,F2 L0 R1 U1 B1 L0 F2 D1 L2 ,ggyywbywwoororbbybogbyggyrrbwybyrrowobgoogwwogrwrbwryg
1922,L0 R1 U1 B1 L0 F2 D1 L2 ,ggyywbywboorgrbgybrryggybgowwybyrrowobbooowwogrwrbwryg
1923,R1 U1 B1 L0 F2 D1 L2 ,ggywwbwwboorgrbgybgryygyygorwygyrbowwoowoboobgrrrbbryw
1924,U1 B1 L0 F2 D1 L2 ,ggrwwrwwgrbboryogggryygbygbrwygyyboowoowoboobwrrrbbyyw
1925,B1 L0 F2 D1 L2 ,rrggwwgwwgryoryoggwooygbygbrwygyyboowrrwoboobrbbrbbyyw
1926,L0 F2 D1 L2 ,owwgwwgwwgrrorroggwooygbygbrwygyygyybrrooboobbbwbbyrry
1927,F2 D1 L2 ,ywwywwwwwgrrorroggoooggbggbwwyyyyyyyooboorbbrbbgbbgrrr
1928,D1 L2 ,ywwywwywwrrrrrrbggbggbggooowwwyyyyyyoooooobbgbbgbbgrrr
1929,L2 ,ywwywwywwrrrrrrrrrbggbggbggwyywyywyyooooooooobbgbbgbbg
1930,F1 U0 L2 D1 B2 U2 F0 D0 R1 F2 ,wwwywwbrgobbrrowgrowwggyyrrgbbgyrgyyroyyowooroogbbgbby
1931,U0 L2 D1 B2 U2 F0 D0 R1 F2 ,wwwywworwbbbbroggrwyrwgrogyywrgyrgyyrogyorooboogbbgbby
1932,L2 D1 B2 U2 F0 D0 R1 F2 ,oywrwwwwwoogbroggrbbbwgrogyywrgyrgyywyryoroobrogbbgbby
1933,D1 B2 U2 F0 D0 R1 F2 ,yywgwwgwwoogbroggrybbggrggyowrryrwyybooroyrywroobbwbbb
1934,B2 U2 F0 D0 R1 F2 ,yywgwwgwwoogbrobbbybbggrggrrrywyyorwbooroyggyroobbwryw
1935,U2 F0 D0 R1 F2 ,wrogwwgwwoogbrrbbbybbggrggrrrywyywyybooooyggywyrwbboor
1936,F0 D0 R1 F2 ,wwgwwgorwboobrrbbbwyrggrggrrrywyywyyoogooyggyybbwbboor
1937,D0 R1 F2 ,wwgwwgyygooorrrwbbggwggyrrrbbbwyywyyooroorggyybbwbboor
1938,R1 F2 ,wwgwwgyygooorrrrrrggwggyggywwbyybyyboorooroorybbwbbwbb
1939,F2 ,wwwwwwyyyorrorrorrgggggggggwwwyyyyyyoorooroorbbbbbbbbb
1940,B0 R0 U2 B0 D1 R0 B1 D0 L1 U2 ,bggowbwwwrroorwrowgggwgbbgyoyboywrrrwgoborgyyyrobbybyy
1941,R0 U2 B0 D1 R0 B1 D0 L1 U2 ,owwowbwwwrrrorrrorgggwgbbgyoyboywwbgggogorbyybbyybryyo
1942,U2 B0 D1 R0 B1 D0 L1 U2 ,owgowbwwyrororrrrrggbwgwbggoyyoyywbbggogorbyywbybbrwyo
1943,B0 D1 R0 B1 D0 L1 U2 ,ywwbwogwoggoorrrrrwbywgwbggoyyoyywbbrorgorbyyggbbbrwyo
1944,D1 R0 B1 D0 L1 U2 ,orrbwogwoggborbrrwwbywgwbggoyyoyyrgbworworyyywbgybgorb
1945,R0 B1 D0 L1 U2 ,orrbwogwoggborborbwbywgwrrwyybyygoorworworbggwbgybgyyy
1946,B1 D0 L1 U2 ,orybwwgwwoogrrgbbbwbbwggrrryyyyyyoowworworbggobgobgryy
1947,D0 L1 U2 ,bwwbwwgwwooorrrbbywbbwggrrryyyyyybggooroorwggggybbyoor
1948,L1 U2 ,bwwbwwgwwooorrrrrrwbbwggwggbyygyygyyoorooroorggybbybby
1949,U2 ,wwwwwwwwwooorrrrrrbbbggggggyyyyyyyyyrrroooooogggbbbbbb
1950,B2 R1 L2 F2 D0 U1 B0 F2 R2 B1 ,oyrwwbowogyggrogrbyrybgryrrrywyybowwbgbbooggbyowgbwrow
1951,R1 L2 F2 D0 U1 B0 F2 R2 B1 ,wwowwbowogyggrbgrbyrybgryrrrywyybryobgboooggbworwbgwoy
1952,L2 F2 D0 U1 B0 F2 R2 B1 ,wwwwwwowwgbbyrrgggyrobgbyroryyyyrryrbgboooggboorbbgwoy
1953,F2 D0 U1 B0 F2 R2 B1 ,rwwywwrwwgbbyrrgggyroggbrrowyywyroyrbggooobgbooybbbwoy
1954,D0 U1 B0 F2 R2 B1 ,rwwywwyywbbborrgggorrbggorywwrwyroyrbggooybggooybbbwoy
1955,U1 B0 F2 R2 B1 ,rwwywwyywbbborroryorrbggbggowwyywrrrbggooywoyooybbbggg
1956,B0 F2 R2 B1 ,wwwwwyryyorrorrorybggbggbggowwyywrrrooyooywoybbbbbbggg
1957,F2 R2 B1 ,rrywwyryyorrorrorrbggbggbggowwyywoowwoywoywoygbbgbbgbb
1958,R2 B1 ,rrywwywwoyrryrryrrggbggbggbyyryywoowwoowoowoogbbgbbgbb
1959,B1 ,rrrwwwwwwrryrryrrygggggggggyyyyyyooowoowoowoobbbbbbbbb
1960,L0 U2 F1 L1 R0 F0 U1 B2 D0 R0 ,wgygwyywyrrgrrbbgggobrgwryywooyyrwwrooroobogbowbybbwbg
1961,U2 F1 L1 R0 F0 U1 B2 D0 R0 ,ggybwybwyrrgrrbbggwobggwyyygooryrrwrooogoobbrowwybywbw
1962,F1 L1 R0 F0 U1 B2 D0 R0 ,ywbywbyggooorrbbggowwggwyyygooryrrwrrrggoobbrwobybywbw
1963,L1 R0 F0 U1 B2 D0 R0 ,ywbywborboooorbgggwwywgyogygorryrrwrrrggogbbywobybywbw
1964,R0 F0 U1 B2 D0 R0 ,wwbwwborboooorbggggwyrgyrgyworyyrbwrggyrobrgbwooybywby
1965,F0 U1 B2 D0 R0 ,wwywwyorygoogrogbogwrrgrrgrwowyyybwwggyrobrgbboobbybby
1966,U1 B2 D0 R0 ,wwywwybbyooorroyborrgggwrrrgggyyybwwggwroorgwboobbybby
1967,B2 D0 R0 ,yyywwbwwbrrgrroyboggwggwrrrgggyyybwwbooroorgwooobbybby
1968,D0 R0 ,wwbwwbwwbrrrrrrybbggwggwrrrgggyyyyyyooooooggwybbybbooo
1969,R0 ,wwbwwbwwbrrrrrrrrrggwggwggwyygyygyygoooooooooybbybbybb
1970,R1 D0 L0 R2 U2 B1 D2 F2 B2 D2 ,gyggwgboygwwbrryorwbrygroobywrwygggbwrorooobbobrybwwyy
1971,D0 L0 R2 U2 B1 D2 F2 B2 D2 ,gywgwyboowrrwrogbywbgyggooyywrwyrggbwrorooobbbbrgbwryy
1972,L0 R2 U2 B1 D2 F2 B2 D2 ,gywgwyboowrrwroooywbgyggobbgwygywbrrwrorooryybbrgbwgby
1973,R2 U2 B1 D2 F2 B2 D2 ,yywwwyroowrrwroooygbggggbbbwwyyyworrrrwyoryoobbbgbggbg
1974,U2 B1 D2 F2 B2 D2 ,yyywwwroryooorwrrwgbggggbbbwwwyyyororrwyoryoobbbgbggbg
1975,B1 D2 F2 B2 D2 ,rorwwwyyyrrworwrrwbbbgggbbbwwwyyyoroyooyoryoogbggbggbg
1976,D2 F2 B2 D2 ,yyywwwyyyrrrororrrbbbgggbbbwwwyyywwwooororooogggbbbggg
1977,F2 B2 D2 ,yyywwwyyyrrroroooobbbggggggwwwyyywwwooororrrrgggbbbbbb
1978,B2 D2 ,yyywwwwwwrrrrrooooggggggbbbyyyyyywwwoooroorrrgggbbbbbb
1979,D2 ,wwwwwwwwwrrrrrroooggggggbbbyyyyyyyyyoooooorrrbbbbbbggg
1980,F2 D1 U1 F1 R2 L0 U0 R2 B0 F2 ,ygyowybbowrowrwwggrygoggwrgowrryoyyorywbowrbbbrbbboygg
1981,D1 U1 F1 R2 L0 U0 R2 B0 F2 ,ygyowyrwobrowrwwgggrwggogyrobbryoyyorywbowrbwbrbbboygg
1982,U1 F1 R2 L0 U0 R2 B0 F2 ,ygyowyrwobrowrwygggrwggowggboobyyoryrywbowgyrbrbbborbw
1983,F1 R2 L0 U0 R2 B0 F2 ,yyogwwyorgrwwrwyggrywggowggboobyyorybrbbowgyrbrobborbw
1984,R2 L0 U0 R2 B0 F2 ,yyogwwgwyorworwbggwogyggrgwbwrbyyorybrrboogyybrobborbw
1985,L0 U0 R2 B0 F2 ,yyrgwygwyggbwrowroworygbrgbbwobyworybrrboogyywrogbogbw
1986,U0 R2 B0 F2 ,wyrowyowyggbwrowroyorggbggbwwoyywrrygbbyoryorwrogbbgbb
1987,R2 B0 F2 ,oowwwyyyrwrowrowroggbggbggbwwoyywrryyoryoryorgbbgbbgbb
1988,B0 F2 ,ooowwwyyyorworworwgggggggggwwwyyyrrryoryoryorbbbbbbbbb
1989,F2 ,wwwwwwyyyorrorrorrgggggggggwwwyyyyyyoorooroorbbbbbbbbb
1990,D0 F2 R2 U1 B0 R0 D2 L2 U2 D2 ,yybwwgoyyorooroywwyggggbwgbgorbyrryrgbbyowwrowrrwbbbog
1991,F2 R2 U1 B0 R0 D2 L2 U2 D2 ,yybwwgoyyoroorowgbyggggbwrorbgyyorrrgbbyowbogwrrwbbyww
1992,R2 U1 B0 R0 D2 L2 U2 D2 ,yybwwggbrgrowrobgborwbggggyyyoyyorrrgbwyooboowrrwbbyww
1993,U1 B0 R0 D2 L2 U2 D2 ,yyowwogbrbgborworgorybgwggwyybyygrrrgbwyoobooyrrgbbwww
1994,B0 R0 D2 L2 U2 D2 ,oorywbywgoryorworggbwbgwggwyybyygrrryrryooboobgbgbbwww
1995,R0 D2 L2 U2 D2 ,ywgywbywgorrorrorrgbwbgwggwyybyygyybrrroooooowgbwbgwbb
1996,D2 L2 U2 D2 ,ywwywwywwooorrrrrrgbbbggggbyywyywyywrrrooooooggbbbggbb
1997,L2 U2 D2 ,ywwywwywwooorrrooogbbbgggbbwyywyywyyrrrooorrrggbbbgggb
1998,U2 D2 ,wwwwwwwwwooorrrooobbbgggbbbyyyyyyyyyrrrooorrrgggbbbggg
1999,D2 ,wwwwwwwwwrrrrrroooggggggbbbyyyyyyyyyoooooorrrbbbbbbggg
2000,L1 D2 R0 B0 U0 R0 F0 B1 U2 R2 ,owwbwybyybbgbrygoyyrorgrowowrybyyborboroogwwgrgwgbwggr
2001,D2 R0 B0 U0 R0 F0 B1 U2 R2 ,ywwrwyoyybbgbrygoywrobgrbworrywyyworrggoowbowrgbgbbggo
2002,R0 B0 U0 R0 F0 B1 U2 R2 ,ywwrwyoyybbgbrybowwrobgrggorowyywyrrrggoowgoyrgbgbbbwo
2003,B0 U0 R0 F0 B1 U2 R2 ,yworwroyobbborbwygwrwbgwggrrobyygyrrrggoowgoyygbybbwwo
2004,U0 R0 F0 B1 U2 R2 ,bbgrwroyobbrorrwyywrwbgwggrrobyygrogoggwowyoywyywbgobb
2005,R0 F0 B1 U2 R2 ,orbywborgwyyorrwyybbrbgwggrrobyygrogwrwwowyoyoggwbgobb
2006,F0 B1 U2 R2 ,orrywworrwowyryyrybbbbgggggrooyywroowrwwowyoygggbbgbbb
2007,B1 U2 R2 ,orrywwywwoowrryrrygbbggbggbyywyywroowrrwooyoogggbbgbbb
2008,U2 R2 ,ywwywwywwooorrrrrrgbbggbggbyywyywyywrrrooooooggbgbbgbb
2009,R2 ,wwywwywwyrrrrrrrrrggbggbggbyywyywyywooooooooogbbgbbgbb
2010,R0 U1 D1 L2 U2 D0 L2 B0 U2 D0 ,gygowgyyrbwwbrborbggyggwwobrwywygwroybryoorrgoroybowbb
2011,U1 D1 L2 U2 D0 L2 B0 U2 D0 ,gyyowwyybobbrrwbbwggygggwoorwwwyywroybryoorrgrrogbogbb
2012,D1 L2 U2 D0 L2 B0 U2 D0 ,ywbywygoyggyrrwbbwybrgggwoorwwwyywrorroyoorrgobbgbogbb
2013,L2 U2 D0 L2 B0 U2 D0 ,ywbywygoyggyrrwgbbybrgggbbwwyowyrrwwrroyoowooobbgborrg
2014,U2 D0 L2 B0 U2 D0 ,wwbwwyroyggyrrwgbbgbroggbbwyyoyyrgwwoowooyorrobbgbgrry
2015,D0 L2 B0 U2 D0 ,yorywwbwwoowrrwgbbobboggbbwyyoyyrgwwggyooyorrgbrgbgrry
2016,L2 B0 U2 D0 ,yorywwbwwoowrrwbbwobboggorrgyywyywroggyooyrrygbrgbggbb
2017,B0 U2 D0 ,gorwwwwwwoowrrwbbwbbbgggrrryyyyyybroyrryooygggbogbogbo
2018,U2 D0 ,wwwwwwwwwooorrrbbbbbbgggrrryyyyyyyyyrrroooggggggbbbooo
2019,D0 ,wwwwwwwwwrrrrrrbbbggggggrrryyyyyyyyyoooooogggbbbbbbooo
2020,D2 R2 L2 B1 U2 L0 R0 U1 F0 R1 ,brrbwgbwygywyrbrrgworrgbrrbbywgywyowoooooggwygbywbyogo
2021,R2 L2 B1 U2 L0 R0 U1 F0 R1 ,brrbwgbwygywyrbgwyworrgbogowoywygwybooooogrrggbywbyrrb
2022,L2 B1 U2 L0 R0 U1 F0 R1 ,brybwgbwbywgbrywygworrgwoggworwygwyyooooogrrgobybbyrrb
2023,B1 U2 L0 R0 U1 F0 R1 ,wrywwgwwbywgbrywygborygwyggborbygbyygrrgoooooobobbrrrw
2024,U2 L0 R0 U1 F0 R1 ,oggwwgwwbywwbrrwyyborygwyggborbyggygbrryooyooorwbbrobr
2025,L0 R0 U1 F0 R1 ,bwwgwwggobrrbrrwyyorwygwyggborbyggygywwyooyooborbbrobr
2026,R0 U1 F0 R1 ,rwwrwwrgobrrbrrwyybrwggwgggooryygyygyyyoowoowbogbbbobb
2027,U1 F0 R1 ,rwwrwwrggwbbyrryrrbrrggggggoooyybyybyyyoowoowoogwbbwbb
2028,F0 R1 ,wwgwwgrrrbrryrryrryyyggggggoooyybyyboogoowoowwbbwbbwbb
2029,R1 ,wwgwwgwwgrrrrrrrrrggyggyggyyybyybyybooooooooowbbwbbwbb
2030,L0 F0 D2 B0 U1 L2 B2 U2 R1 D1 ,bogowyogogrworyorrbyybgbrwbyrygygwybywwborgwgogrbbwwor
2031,F0 D2 B0 U1 L2 B2 U2 R1 D1 ,rogwwyrgogrworyorrbyyogbowbbrybygrybgbywowgrwogwbbgwoy
2032,D2 B0 U1 L2 B2 U2 R1 D1 ,rogwwywwyrrwgryorroobwgybbyoogbygrybgbbworgryogwbbgwoy
2033,B0 U1 L2 B2 U2 R1 D1 ,rogwwywwyrrwgrygryoobwgywoybyrgybgoogbbwororrogwbbgbby
2034,U1 L2 B2 U2 R1 D1 ,wyywwywwyrrogrogrgoobwgywoybyrgybgwogbboorrrrbbobbgygw
2035,L2 B2 U2 R1 D1 ,yyyywwwwwoobgrogrggbbwgywoybyrgybgwobbooorrrrrrobbgygw
2036,B2 U2 R1 D1 ,byygwwgwwoobgrogrgwbbggyooyyyryybwworrrrooobbrrwbbwygg
2037,U2 R1 D1 ,owwgwwgwwooogrrgrrwbbggyooyyyryybyybgrrooobbbggywbbwrr
2038,R1 D1 ,wwgwwgwwogrrgrrgrrggyggyooyyyryybyyboooooobbbwbbwbbwrr
2039,D1 ,wwwwwwwwwrrrrrrgggggggggoooyyyyyyyyyoooooobbbbbbbbbrrr
2040,U0 B2 R1 F1 D1 U1 L2 R0 B2 U2 ,gorgwrowbrbwgrowrggbwrgyrwbboowyyoywrrybowbgygbygbyooy
2041,B2 R1 F1 D1 U1 L2 R0 B2 U2 ,oggwwobrrgbygrowrgrbwrgyrwbboowyyoywgbwbowbgyrrygbyooy
2042,R1 F1 D1 U1 L2 R0 B2 U2 ,wyowwobrrgbbgrbwrgrbwrgyrwbboowyyggogbwoowygyyooybgyrr
2043,F1 D1 U1 L2 R0 B2 U2 ,wyywwybrybbgbrrggwrborgorwrbowwyyggbgbwoowygyoooybgorr
2044,D1 U1 L2 R0 B2 U2 ,wyywwybbgwbgorrbgwoorbgwrrrwwywyyggbgbyoorygboooybgorr
2045,U1 L2 R0 B2 U2 ,wyywwybbgwbgorrorroorbgwbgwyybwygwwggbyoorrrroooybgygb
2046,L2 R0 B2 U2 ,yygywbwwboororrorrgbybgwbgwyybwygwwgooooorrrrwbgybgygb
2047,R0 B2 U2 ,yygwwbwwboororrorrbbyggwggwyybyygwwgrrrrooooowbbybbygg
2048,B2 U2 ,yyywwwwwwooorrorrrbbbggggggyyyyyywwwrrrrooooobbbbbbggg
2049,U2 ,wwwwwwwwwooorrrrrrbbbggggggyyyyyyyyyrrroooooogggbbbbbb
2050,B1 R2 F0 B1 U0 D0 L1 R0 U2 F1 ,bggowyoowbbrgrogbywwrogyowyyrrrywgbbwggrobogbwwoybyrry
2051,R2 F0 B1 U0 D0 L1 R0 U2 F1 ,orwowyoowbbbgrggbgwwrogyowyyrrrywyorgggbobbgboyywbrwyr
2052,F0 B1 U0 D0 L1 R0 U2 F1 ,orrowwoorgbggrgbbbwwwogwowoyrwryyyowgggbobbgbyyyybrryr
2053,B1 U0 D0 L1 R0 U2 F1 ,orrowwbbgobgorgrbboowwgwowwbggryyyowggyborbgwyyyybrryr
2054,U0 D0 L1 R0 U2 F1 ,bbgowwbbgoboorrrbroowwgwowwbggryybggygyoorwgwyrrybyyyr
2055,D0 L1 R0 U2 F1 ,bobbwbgwgyrrorrrbrobowgwowwbggryybggoowoorwgwygyybyyyr
2056,L1 R0 U2 F1 ,bobbwbgwgyrrorrowwobowgwwgwbrbgyggygoowooryyrygyybyrbr
2057,R0 U2 F1 ,oobwwbwwgyrrorrowwbboggwggwrrbyygyygwrrooyooyyggybbrbb
2058,U2 F1 ,ooowwwwwwooywrrwrrbbbggggggrrryyyyyywrrooyooygggbbbbbb
2059,F1 ,wwwwwwooowrrwrrwrrgggggggggrrryyyyyyooyooyooybbbbbbbbb
2060,D1 R1 L2 B2 U1 F2 D0 B2 R0 L2 ,bwoywbgbboogbrbrgyrryggwrryggbyywoygrgyroowowwowybworb
2061,R1 L2 B2 U1 F2 D0 B2 R0 L2 ,bwoywbgbboogbrborbrryggwrgybwggyygyorgyroorrywowybwwow
2062,L2 B2 U1 F2 D0 B2 R0 L2 ,bwwywygbwgbborroborroggbrgbbwygywgyyrgyroorryoowybwgow
2063,B2 U1 F2 D0 B2 R0 L2 ,bwwgwygbwgbborrobowrowgbwgbbwyyywgyyyrroorygroorybggor
2064,U1 F2 D0 B2 R0 L2 ,yyggwygbwgbyoroobywrowgbwgbbwyyywwwborrrorbgrroggbyroo
2065,F2 D0 B2 R0 L2 ,gywywbyggwrooroobyorrwgbwgbbwyyywwwbrogrorbgrgbygbyroo
2066,D0 B2 R0 L2 ,gywywbywbrrorrogbybgwbgwrroggyyywwwbrooroobgwgbygbyroo
2067,B2 R0 L2 ,gywywbywbrrorrorrobgwbgwbgwwygwygbwyroorooroogbygbygby
2068,R0 L2 ,ywbywbywbrrrrrrrrrbgwbgwbgwwygwygwygoooooooooybgybgybg
2069,L2 ,ywwywwywwrrrrrrrrrbggbggbggwyywyywyyooooooooobbgbbgbbg
2070,R2 F0 U2 D1 F1 L1 D2 U2 R2 D1 ,ggwwwrrwobbgrrgoobwbwggggryoygyybyyrrobrowoowryyobwybb
2071,F0 U2 D1 F1 L1 D2 U2 R2 D1 ,gggwwbrwrboogrrgbbwbyggogrroywyyryyorobrowoowyyygbwwbb
2072,U2 D1 F1 L1 D2 U2 R2 D1 ,gggwwbwwbroowrrrbbggwrgbroyggbyyryyorooroyoowyyygbwwbb
2073,D1 F1 L1 D2 U2 R2 D1 ,bwwbwwgggroowrrrbbyyyrgbroyggbyyryyorooroyoowggwgbwwbb
2074,F1 L1 D2 U2 R2 D1 ,bwwbwwgggroowrrwbbyyyrgbrbbbrogyygyyrooroyroyggwgbwoow
2075,L1 D2 U2 R2 D1 ,bwwbwwrwwooorrrbbbybbygbyrroyygyygyyrogrogrogggwgbwoow
2076,D2 U2 R2 D1 ,ywwywwywwooorrrbbbobbggbgrrwyywyywyygggooorrrggrgbboob
2077,U2 R2 D1 ,ywwywwywwooorrrrrrobbggboobyywyywyywgggooobbbggrgbbgrr
2078,R2 D1 ,wwywwywwygggrrrrrrggrggboobyywyywyywoooooobbbobbgbbgrr
2079,D1 ,wwwwwwwwwrrrrrrgggggggggoooyyyyyyyyyoooooobbbbbbbbbrrr
2080,U1 D0 F0 U1 R2 L1 B2 R2 D0 L2 ,bwgowgbwrbrryrrobywoyrgrbbgoywoywgbrrgogowoyywgwbbygoy
2081,D0 F0 U1 R2 L1 B2 R2 D0 L2 ,ggrwwwbobwoyyrrobyrgorgrbbgoywoywgbrwgwgowoyybrrbbygoy
2082,F0 U1 R2 L1 B2 R2 D0 L2 ,ggrwwwbobwoyyrrbbgrgorgroyygoobyyrwwwgwgowgoybrrbbyoby
2083,U1 R2 L1 B2 R2 D0 L2 ,ggrwwwywwboyorrbbgorryggyrobywbyyrwwwgggoogoobrrbbyoby
2084,R2 L1 B2 R2 D0 L2 ,rwwgwwgwyorrorrbbgwggyggyrobywbyyrwwbrrgoogooboybbyoby
2085,L1 B2 R2 D0 L2 ,rwwgwygwwgbbrrorrowgoygbyrbbywbywrwybrrgoogooooygbygby
2086,B2 R2 D0 L2 ,wwwywyywwgbbrrorrobgobgbrrbyywyywywyrooroobggooggbggbr
2087,R2 D0 L2 ,ywyywyywwgbbrrrrrrbgobgbrrbyywyywwwwoooooobggrbggbggoo
2088,D0 L2 ,ywwywwywwrrrrrrbbgbggbggrrryyyyyywwwoooooobggbbgbbgooo
2089,L2 ,ywwywwywwrrrrrrrrrbggbggbggwyywyywyyooooooooobbgbbgbbg
2090,B1 U1 F1 L0 R1 B0 L1 U2 D0 R2 ,booowgrbbwyywrrrwwyrorgboywwbgoygboryggyowyyggwrgbrbbo
2091,U1 F1 L0 R1 B0 L1 U2 D0 R2 ,yyyowgrbbwybwrorwoyrorgboywwbgoygwrybggoowrygrrowbbggb
2092,F1 L0 R1 B0 L1 U2 D0 R2 ,ygbywbyoryrowrorwobggrgboywwbgoygwryrrooowrygwybwbbggb
2093,L0 R1 B0 L1 U2 D0 R2 ,ygbywbywrgrobrowwogbwggybroowgoygwryrrroooryywybwbbggb
2094,R1 B0 L1 U2 D0 R2 ,bgbbwbbwrgrobrowwoybwygyyrogwggygbryroryoryorwywwboggo
2095,B0 L1 U2 D0 R2 ,bggbwwbwwooorrwgbwybbygbyrrgwwgyybrororyoryoryywgboggo
2096,L1 U2 D0 R2 ,owwbwwbwwooorrrgbbybbygbyrrgwwgyyryygorgorborggygbyoow
2097,U2 D0 R2 ,ywwywwywwooorrrgbbgbbggbrrrwwwyyyyyyrrroooggbggbgbbooo
2098,D0 R2 ,wwywwywwyrrrrrrgbbggbggbrrrwwwyyyyyyooooooggbgbbgbbooo
2099,R2 ,wwywwywwyrrrrrrrrrggbggbggbyywyywyywooooooooogbbgbbgbb
2100,U2 R1 L0 B0 F1 D0 R0 F1 U0 L1 ,wybwwbwobooobrrbwwgyyrgyywrogyoyryrrroobogrggwggbbwbyg
2101,R1 L0 B0 F1 D0 R0 F1 U0 L1 ,bowbwwbywroobrrbwwwggrgyywrogyoyryrrooobogrgggyybbwbyg
2102,L0 B0 F1 D0 R0 F1 U0 L1 ,bobbwbbygorworwrbbwgwrgwywwoggoyyyrrooobogrggryyrbwyyg
2103,B0 F1 D0 R0 F1 U0 L1 ,gobwwbyygorworwrbbbgwbgwbwwwggryyyrrrbogooggoryyrboyyo
2104,F1 D0 R0 F1 U0 L1 ,wwbwwbyygorrorrrbybgwbgwbwwwggryyrggbbooooggoyrrybyooy
2105,D0 R0 F1 U0 L1 ,wwbwwboorgrrgrrwbywwwggwbbboooryyrggbbgooyggyyrrybyooy
2106,R0 F1 U0 L1 ,wwbwwboorgrrgrrbbbwwwggwggyrrogyogyobbgooyooyyrrybywby
2107,F1 U0 L1 ,wwwwwwooybggbrrbrrwwoggoggorrwgyygyybbgooyooyrrrbbybby
2108,U0 L1 ,wwwwwwbbbwggrrrrrrooowggwgggyygyygyybbyoooooorrrbbybby
2109,L1 ,bwwbwwbwwrrrrrrrrrwggwggwgggyygyygyyooooooooobbybbybby
2110,B0 F0 U2 B0 F0 D0 B0 R0 L2 B1 ,rwybwyrggwoowrrwyywrrbgbggbowoyyroobyybrooygwbogwbbrgg
2111,F0 U2 B0 F0 D0 B0 R0 L2 B1 ,orybwyrggwobwrowyowrrbgbggbowoyyryryyybwoorgwrwbgbogbg
2112,U2 B0 F0 D0 B0 R0 L2 B1 ,orybwywobrobgrogyogbwggrbbrwwwyyryryyyowowrgorwbgbogbg
2113,B0 F0 D0 B0 R0 L2 B1 ,bowywbyroyyogrogyorwbggrbbrwwwyyryryrobwowrgogbwgbogbg
2114,F0 D0 B0 R0 L2 B1 ,oooywbyroyyygrrgyyrwbggrbbrwwwyyrrwrwoboowbgogggbbbgow
2115,D0 B0 R0 L2 B1 ,oooywbowbyyyrrroyybgrbgwrrbggyyyrrwrwowoowbgwgggbbbgow
2116,B0 R0 L2 B1 ,oooywbowbyyyrrrrrbbgrbgwbgwrygwygrrywowoowgowgggbbboyy
2117,R0 L2 B1 ,yrbywbowbyyyrrrrrrbgrbgwbgwrygwygwogoowoowoowobgybgybg
2118,L2 B1 ,yrrywwowwrryrryrrybggbggbggryywyywoooowoowoowbbgbbgbbg
2119,B1 ,rrrwwwwwwrryrryrrygggggggggyyyyyyooowoowoowoobbbbbbbbb
2120,B1 R2 L1 U2 B2 D2 L2 F0 D1 B1 ,wywbwwoooworwrrbbrgggwggbrywyobyoyggryyrorbwobogbbgyyr
2121,R2 L1 U2 B2 D2 L2 F0 D1 B1 ,brrbwwooowowwrybbwgggwggbrywyobyorrryyygorgwoggrobybby
2122,L1 U2 B2 D2 L2 F0 D1 B1 ,brobwooorwbbyrwwowggbwgobrgwyrbywrroyyygorgwoygrgbygby
2123,U2 B2 D2 L2 F0 D1 B1 ,growwoborwbbyrwwowwgbbgorrgyyryywrroyroyowyggygogbbgbb
2124,B2 D2 L2 F0 D1 B1 ,robowworgyroyrwwowygobgorrgyyryywrrowbbyowyggwgbgbbgbb
2125,D2 L2 F0 D1 B1 ,orrowworgyryyrywowygobgorrgyyryywborwbbwowoggbbgbbgbgw
2126,L2 F0 D1 B1 ,orrowworgyryyryoggygobgobgwrobwyyryywbbwowwowbbgbbgrrg
2127,F0 D1 B1 ,rrrwwwrrgyryyryoggggoggoggwooboyyoyywowwowbbwbbbbbbrry
2128,D1 B1 ,rrrwwwwwwrryrrygggggggggwoooyyoyyoyywoowoobbbbbbbbbrry
2129,B1 ,rrrwwwwwwrryrryrrygggggggggyyyyyyooowoowoowoobbbbbbbbb
2130,B0 L1 D2 R2 B0 L1 F2 U2 B1 R1 ,oobbwbryowrowroorrgggbggybbgyygyyrobgowrowyrrwwyybwwgb
2131,L1 D2 R2 B0 L1 F2 U2 B1 R1 ,oorbwbryowrbwroorrgggbggybbgyygyygrybowooworrwywgbwbwy
2132,D2 R2 B0 L1 F2 U2 B1 R1 ,gorbwbyyowrbwroorrgggggggbbyyywyywrywwroorboowyrgbbbwo
2133,R2 B0 L1 F2 U2 B1 R1 ,gorbwbyyowrbwrobooggggggbwoyrwyywyyywwroororrwyrgbbgbb
2134,B0 L1 F2 U2 B1 R1 ,gowbwwyyyooborwbrwggggggbwwyrryybyyowwroororroyrgbbgbb
2135,L1 F2 U2 B1 R1 ,bwwbwwyyyoooorybryggggggbwwyrryybwoowwroorgrrggobbybbr
2136,F2 U2 B1 R1 ,gwwgwwbyyoooorybryyggyggwwwrrryybooorrrworwogggybbbbbb
2137,U2 B1 R1 ,gwwgwwrrrgoorryrrywwwggyggyyybyybooorrbwoowooggybbbbbb
2138,B1 R1 ,rrrwwgwwgrrbrryrryggyggyggyyybyybooogoowoowoowwwbbbbbb
2139,R1 ,wwgwwgwwgrrrrrrrrrggyggyggyyybyybyybooooooooowbbwbbwbb
2140,F1 R2 U1 D0 F2 R0 B2 L0 D2 R2 ,bgbywwwrwbbywrryggryrrgooyrgogwyywbwybgrobbgyoorwbgooo
2141,R2 U1 D0 F2 R0 B2 L0 D2 R2 ,bgbywwbwygbyorrgggrorygyrrogbywyywbwybwrorbgwoorwbgooo
2142,U1 D0 F2 R0 B2 L0 D2 R2 ,bgyywybwwgggrroybgrooygwrrogbbwywwbyybwrorbgwoorybgroo
2143,D0 F2 R0 B2 L0 D2 R2 ,yywgwwbybroorroybgybwygwrrogbbwywwbyoorrorbgwgggybgroo
2144,F2 R0 B2 L0 D2 R2 ,yywgwwbybroorrorroybwygwbgwwwgbybywboorrorroogggybgybg
2145,R0 B2 L0 D2 R2 ,yywgwwgwwooorrorrowgbwgywbybybbybywboorrorrorgggybgybg
2146,B2 L0 D2 R2 ,yybgwygwyrrorroooowgbwgbwbbbyybyyywgoorrorrorwggwbgwbg
2147,L0 D2 R2 ,gwygwygwyrrrrrrooowgbwgbwbbbyybyybyyoorooroorgbwgbwggw
2148,D2 R2 ,wwywwywwyrrrrrroooggbggbgbbwyywyywyyoooooorrrgbbgbbggb
2149,R2 ,wwywwywwyrrrrrrrrrggbggbggbyywyywyywooooooooogbbgbbgbb
2150,R1 D0 U2 F1 D0 R0 L0 D1 F0 U1 ,bbbbwgywwgrworwbggoooygborrbyybyogyyorggogrwwryyrbwrow
2151,D0 U2 F1 D0 R0 L0 D1 F0 U1 ,bbrbwrywrwwgrrggoboobyggorwbyobybgyrorggogrwwyyyobwyow
2152,U2 F1 D0 R0 L0 D1 F0 U1 ,bbrbwrywrwwgrrgorwoobyggrwwgbbyyyrboorggogyowyyyobwgob
2153,F1 D0 R0 L0 D1 F0 U1 ,rwyrwbrbborgrrgorwyyyyggrwwgbbyyyrbowwggogyowoobobwgob
2154,D0 R0 L0 D1 F0 U1 ,rwyrwborobrgbrggrwygwygwyyrggwyyyrbowwbgobyoroobobwgob
2155,R0 L0 D1 F0 U1 ,rwyrwborobrgbrgyyrygwygwyorrygbygoywwwbgobgoboobobwgrw
2156,L0 D1 F0 U1 ,rwwrwworrybbyrrrggyggyggyowrygbyooyowwbgobgoboobbbwyrw
2157,D1 F0 U1 ,wwwwwwbrrybbyrrrggrggrggoowyygyyoyyoggwoowbbbooobbbyrr
2158,F0 U1 ,wwwwwwbrrybbyrryrrrggrggrgggooyyyyyyggwoowoowooobbbbbb
2159,U1 ,wwwwwwwwwbbbrrrrrrrrrggggggyyyyyyyyygggooooooooobbbbbb
2160,D0 B2 F2 R2 B2 F0 U1 R0 L2 B1 ,ryywwgwwrbrgbrrybbgbyggybbrorgryoowwggoyoowwyoowybgrob
2161,B2 F2 R2 B2 F0 U1 R0 L2 B1 ,ryywwgwwrbrgbrrbbrgbyggywwyorowyrwogggoyooroboowybgybb
2162,F2 R2 B2 F0 U1 R0 L2 B1 ,gowwwgwwrbrrbrybbggbyggywwyorowyryyrrgoroogobbbygbywoo
2163,R2 B2 F0 U1 R0 L2 B1 ,gowwwgorobrroryobgywwyggybgrwwwyryyrrgbrobgobbbygbywoo
2164,B2 F0 U1 R0 L2 B1 ,gowwwrorrgboyrorrbywwyggybbrwwwygyyorgbrobgobgbygbywoo
2165,F0 U1 R0 L2 B1 ,oyywwrorrgbgyrrrrrywwyggybbrwwwygwogbgboobooboowybgybg
2166,U1 R0 L2 B1 ,oyywwrbbbobgrrrrrryyybgwbgwrygwygwogbgroowoowoowybgybg
2167,R0 L2 B1 ,yrbywbowbyyyrrrrrrbgrbgwbgwrygwygwogoowoowoowobgybgybg
2168,L2 B1 ,yrrywwowwrryrryrrybggbggbggryywyywoooowoowoowbbgbbgbbg
2169,B1 ,rrrwwwwwwrryrryrrygggggggggyyyyyyooowoowoowoobbbbbbbbb
2170,L1 D2 R0 U0 D2 F0 R2 L1 U1 B2 ,oywywgrbyrrobrorbbyrbwgobwwrggryygwybogyooowwgrwgbgoby
2171,D2 R0 U0 D2 F0 R2 L1 U1 B2 ,yywwwgbbyrrobrorbbrrbrgogwwygggyywwygowoowbyogrrgbyobo
2172,R0 U0 D2 F0 R2 L1 U1 B2 ,yywwwgbbyrrobrobyorrbrgooboywwyygggygowoowrbbgrrgbygww
2173,U0 D2 F0 R2 L1 U1 B2 ,yybwwobbobbryrrooorrwrggobyywgyygggggowoowrbbyrrgbywww
2174,D2 F0 R2 L1 U1 B2 ,bwybwyoobyrryrrooobbrrggobyywgyyggggrrwoowrbbgowgbywww
2175,F0 R2 L1 U1 B2 ,bwybwyoobyrryrrrbbbbrrggwwwggggyygwyrrwoowooogowgbyoby
2176,R2 L1 U1 B2 ,bwybwyowworrorrbbbwrbwgbwgrryygyygwyrrgoogooggowgbyoby
2177,L1 U1 B2 ,bwybwyowybbbrrorrowrowggwggryygyygwwrrgoogoogrowbbybby
2178,U1 B2 ,wwywwywwybbbrrorrorroggggggyyyyyywwwgggroorooroobbbbbb
2179,B2 ,yyywwwwwwrrorrorrogggggggggyyyyyywwwroorooroobbbbbbbbb
2180,D2 U0 L2 B0 F1 U1 D0 R0 B0 U2 ,borywoyybygwgrwbbyggrogwyyobrwrywoogrbrgoygbogbwrbroww
2181,U0 L2 B0 F1 U1 D0 R0 B0 U2 ,borywoyybygwgrwgboggrogwowwgoowyrwrbrbrgoybbygbwrbryyo
2182,L2 B0 F1 U1 D0 R0 B0 U2 ,yybywoborgbwgrwgboygwogwowwgoowyrwrbggrgoybbyrbrrbryyo
2183,B0 F1 U1 D0 R0 B0 U2 ,gybwwoworgbwgrwgboogwrgwrwwyooyyrbrbybbyogrggrborboyyy
2184,F1 U1 D0 R0 B0 U2 ,wwowwoworgbbgrrgbbogwrgwrwwyooyyryyrbbbyoggggyrrybbyoo
2185,U1 D0 R0 B0 U2 ,wwowwogggobborrybbwwwggworrbggyyryyrbbryooggwyrrybbyoo
2186,D0 R0 B0 U2 ,oogwwgwwgwwworrybbbbrggworrbggyyryyryrryooggwobbybbyoo
2187,R0 B0 U2 ,oogwwgwwgwwworrorrbbrggwggwyybyygrrgyrryooyooobbybbybb
2188,B0 U2 ,oorwwwwwwoowrrwrrwbbbggggggyyyyyyrroyrryooyoogbbgbbgbb
2189,U2 ,wwwwwwwwwooorrrrrrbbbggggggyyyyyyyyyrrroooooogggbbbbbb
2190,U1 R1 B1 L0 U0 B1 R1 L0 B0 R0 ,ryggwrrgogyrwrgboybrybgbogowywbywbboyoywoywogwogwbrbrr
2191,R1 B1 L0 U0 B1 R1 L0 B0 R0 ,groywgrgrbrywrgboyyoybgbogowywbywbbowogwoywoggyrwbrbrr
2192,B1 L0 U0 B1 R1 L0 B0 R0 ,grbywwrggygyrrobwbyoobggogrwyybybbbowogwoywogoyrwbrwrr
2193,L0 U0 B1 R1 L0 B0 R0 ,wwwywwrggyggrrrbwbyoobggogrwyybybboybogboyoogrrrybroww
2194,U0 B1 R1 L0 B0 R0 ,wwwrwwrggyggrrrbwbwooyggrgryyybybooyobbooogygrrbybboww
2195,B1 R1 L0 B0 R0 ,rrwgwwgwwrrbrrrbwbyggyggrgryyybybooywooooogygobbybboww
2196,R1 L0 B0 R0 ,gowgwwgwwrrrrrrbwwyggyggrgryyybybbrbooooooyygbbwbbwoyo
2197,L0 B0 R0 ,googwbgwbrrwrrwrrbygwygwrgwyygbygbrrooooooyygbbwbbwyyo
2198,B0 R0 ,ooowwbwwbrrwrrwrrbggwggwggwyygyygrrryooyoogoobbbbbbyyy
2199,R0 ,wwbwwbwwbrrrrrrrrrggwggwggwyygyygyygoooooooooybbybbybb
2200,L1 B0 R1 F0 D1 R2 B0 U1 F1 L0 ,rybbwobgyrbogrobwyrobogrggyoyoryggrrgwwboyowwwbwwbrgyy
2201,B0 R1 F0 D1 R2 B0 U1 F1 L0 ,rybowoggyrbogrobwyoobrgrggyyyorygwrrwywwowgbowbbwbbgyr
2202,R1 F0 D1 R2 B0 U1 F1 L0 ,ooyowoggyrbrgrrbwwoobrgrggyyyorygwwgbywyowrbogwwybbrbb
2203,F0 D1 R2 B0 U1 F1 L0 ,oorowygggrrwbrwrgbooyrgoggyyybryrwwybywyowrbogwwgbbobb
2204,D1 R2 B0 U1 F1 L0 ,oorowyowwgrwgrwggbgroggoyoyrbrryrwwybyyyoyrbbgwwgbbobb
2205,R2 B0 U1 F1 L0 ,oorowyowwgrwgrwobbgroggoggbrrybywrrwbyyyoyyoygwwgbbrbb
2206,B0 U1 F1 L0 ,ooyowwowwbbowrgwrggrrggggggrrrbyyrrwbyyyoyyoybwwobbobb
2207,U1 F1 L0 ,oggowwowwbbwwrrwrrgrrggggggrrrbyybyyyyyooyooyoobbbwbbw
2208,F1 L0 ,gwwgwwooogrrwrrwrryyyggggggrrrbyybyyoobooyooybbwbbwbbw
2209,L0 ,gwwgwwgwwrrrrrrrrryggyggyggbyybyybyyooooooooobbwbbwbbw
2210,D1 L0 U0 F1 B1 R0 L2 D1 U2 F1 ,wbbowowywgbrwrybwoobowgbroyygoyyorgyrybrorbggyrgrbggww
2211,L0 U0 F1 B1 R0 L2 D1 U2 F1 ,wbbowowywgbrwrygwwobowgbbwoooygygyyrrybrorroyyrgrbgbgg
2212,U0 F1 B1 R0 L2 D1 U2 F1 ,gbbgwogywgbrwrygwwwboogbwwoooywygbyrrrrooyyrbyryrbgbgo
2213,F1 B1 R0 L2 D1 U2 F1 ,gggywbwobyrywrygwwgbrogbwwoooywygbyrwboooyyrbrrrrbgbgo
2214,B1 R0 L2 D1 U2 F1 ,gggywbywgyryoryowwrbobgwgowoybwygbyrwbboooyrwrrrrbgbgo
2215,R0 L2 D1 U2 F1 ,yowywbywgyrgorgowgrbobgwgowoybwygwyybbbyoorrwrgorbgrrb
2216,L2 D1 U2 F1 ,yooywwywwooywrrgggrbbbgggoyoyrwyrwyrbbbyoorrwggobbgwrb
2217,D1 U2 F1 ,ooowwwwwwooywrrgggbbbgggooyyyryyryyrwrrooybbbgggbbbwrr
2218,U2 F1 ,ooowwwwwwooywrrwrrbbbggggggrrryyyyyywrrooyooygggbbbbbb
2219,F1 ,wwwwwwooowrrwrrwrrgggggggggrrryyyyyyooyooyooybbbbbbbbb
2220,F1 D1 U2 R2 B1 F0 L2 D0 F0 U1 ,wyyywoyrwggrrrybboogoggbgoowywwyobwbbbgwowrrrggrrboyby
2221,D1 U2 R2 B1 F0 L2 D0 F0 U1 ,wyyywogrbwgryrywbooboggoogggwrwyobwbbbwworrryggrrboyby
2222,U2 R2 B1 F0 L2 D0 F0 U1 ,wyyywogrbwgryryybyoboggowborobwywgwbbbwworoggggrrborry
2223,R2 B1 F0 L2 D0 F0 U1 ,brgowyyywbbwyryybyggrggowborobwywgwbwgrworoggoborborry
2224,B1 F0 L2 D0 F0 U1 ,brbowwyybybyyrywbbggrggrwborogwyygwwwgrworoggobooborry
2225,F0 L2 D0 F0 U1 ,owwowwyybybbyrrwbbggrggrwborogwyybyyggrworwggooybbroor
2226,L2 D0 F0 U1 ,owwowwgrrybbyrrbbbwggbggorrwyywyybyyggrwoowggooybbroor
2227,D0 F0 U1 ,wwwwwwbrrybbyrrbbbrggrggyrroyyoyygyyggwoowrggooobbboow
2228,F0 U1 ,wwwwwwbrrybbyrryrrrggrggrgggooyyyyyyggwoowoowooobbbbbb
2229,U1 ,wwwwwwwwwbbbrrrrrrrrrggggggyyyyyyyyygggooooooooobbbbbb
2230,R1 D1 L1 F0 B0 U0 R0 B2 L2 R0 ,grbbwgyrybywbrgbggrboygogyorowryowwowwboobogyryrwbwyrg
2231,D1 L1 F0 B0 U0 R0 B2 L2 R0 ,grybwwyrrwggyrgbbbrbbygggyyrooryowwowwboobogyoyrobwwrg
2232,L1 F0 B0 U0 R0 B2 L2 R0 ,grybwwyrrwggyrgwrgrbbyggbbbooooywrrwwwboobgyyoyrobwogy
2233,F0 B0 U0 R0 B2 L2 R0 ,rryywwbrrwggyrgwrgobboggrbbyoowywrrwbbywoywogoyyobbogg
2234,B0 U0 R0 B2 L2 R0 ,rryywwgyybggrrgrrgroobgbbgbwywwywrrwbbywoowoooyyobbogg
2235,U0 R0 B2 L2 R0 ,gggywwgyybgwrrrrrrroobgbbgbwywwywbwwybyroorooooogbygby
2236,R0 B2 L2 R0 ,gygywgywgooorrrrrrbgwbgbbgbwywwywbwwrooroorooybygbygby
2237,B2 L2 R0 ,gywywbywbrrorrorrobgwbgwbgwwygwygbwyroorooroogbygbygby
2238,L2 R0 ,ywbywbywbrrrrrrrrrbgwbgwbgwwygwygwygoooooooooybgybgybg
2239,R0 ,wwbwwbwwbrrrrrrrrrggwggwggwyygyygyygoooooooooybbybbybb
2240,D2 L2 R2 D0 B2 F0 L0 U0 B2 F0 ,rwrowwwyryrybrorwogggbgygrwybgrygoywwyowoobgobbbgbobry
2241,L2 R2 D0 B2 F0 L0 U0 B2 F0 ,rwrowwwyryrybrobgogggbgybrywyogyrgbywyowoorwobbbgbogrw
2242,R2 D0 B2 F0 L0 U0 B2 F0 ,wwrgwwgyryrybrobgowggogybryryooyrwbyowroowoywbbbgbbgrg
2243,D0 B2 F0 L0 U0 B2 F0 ,wwogwrgyyogborbyrywggoggbrbryroywwbrowroowoywybbybbgrg
2244,B2 F0 L0 U0 B2 F0 ,wwogwrgyyogborbbrbwggoggoywworbyyrwrowroowgrgybbybbyry
2245,F0 L0 U0 B2 F0 ,rwrgwrgyyoggorobrowggoggoywworbyyowwbwrbowbrgyrybbybby
2246,L0 U0 B2 F0 ,rwrgwrgwrgggyroyrooowyggwggboobyyowwbwwboobrryrybbybby
2247,U0 B2 F0 ,ywrywrywrgggyroyrorowggggggoooyyywwwbbbrowrowyrobbbbbb
2248,B2 F0 ,yyywwwrrryroyroyrogggggggggoooyyywwwrowrowrowbbbbbbbbb
2249,F0 ,wwwwwwrrryrryrryrrgggggggggoooyyyyyyoowoowoowbbbbbbbbb
2250,R2 L2 F1 D0 L2 B2 D0 R2 L2 U1 ,gwrwwwwryboyorworyrgobggbbgwrwyyybyrybgyoowgobgorbbgor
2251,L2 F1 D0 L2 B2 D0 R2 L2 U1 ,gwwwwywrryrowroyobrggbgrbbbwrryywbyyybgyoowgoggogbboor
2252,F1 D0 L2 B2 D0 R2 L2 U1 ,wwwywybrryrowroyobrggbgrobbgrrwywwyyogwooygbyggbgbboor
2253,D0 L2 B2 D0 R2 L2 U1 ,wwwywyywyrrorrogobgrbggbrbowyywywwyyogroorgbbggbgbboor
2254,L2 B2 D0 R2 L2 U1 ,wwwywyywyrrorrorbogrbggbgbbwwwyyyywyogrooroorggbgbbgob
2255,B2 D0 R2 L2 U1 ,wwwywyywyrrorrorbobrbbgbbbbwwwyyyywyrooroorgoggggbggog
2256,D0 R2 L2 U1 ,ywyywyywyrrrrrrrbrbrbbgbbbbwwwyyywwwooooooogogoggbgggg
2257,R2 L2 U1 ,ywyywyywyrrrrrrbbbbrbbgbogowywwywwywooooooggggoggbgrbr
2258,L2 U1 ,ywwywwywwbbbrrrrrrbrrbggoggwyywyywyyoooooogggoogbbgbbr
2259,U1 ,wwwwwwwwwbbbrrrrrrrrrggggggyyyyyyyyygggooooooooobbbbbb
2260,F0 D0 R2 F2 L0 B2 U2 F1 B2 D2 ,gwbbwywrrboywrrwgwgbyggoggrwwbyyoybbryororggrobyybwooo
2261,D0 R2 F2 L0 B2 U2 F1 B2 D2 ,gwbbwyrrowoyrrrrgwgggggbroywwbyyoybbrywrowggbobyybwooo
2262,R2 F2 L0 B2 U2 F1 B2 D2 ,gwbbwyrrowoyrrrroygggggbggbyywbywbobrywrowoooobyybwrgw
2263,F2 L0 B2 U2 F1 B2 D2 ,gwwbwwrrbyorrrryowggrggyggoyybbyyboorywrowooobbybbwggw
2264,L0 B2 U2 F1 B2 D2 ,gwwbwwbyyoorwrrwowoggyggrggbrrbyybooryyrorooybbybbwggw
2265,B2 U2 F1 B2 D2 ,wwwwwwyyyoorwrrwowgggbggbggorryyyrooorrooyyrybbbbbbggb
2266,U2 F1 B2 D2 ,oorwwwyyyooywrowoogggbggbggorryyywwwwrrroyrrybggbbbbbb
2267,F1 B2 D2 ,yyywwwroowrrwrowoobggbggbggorryyywwwooyroyrrygggbbbbbb
2268,B2 D2 ,yyywwwwwwrrrrrooooggggggbbbyyyyyywwwoooroorrrgggbbbbbb
2269,D2 ,wwwwwwwwwrrrrrroooggggggbbbyyyyyyyyyoooooorrrbbbbbbggg
2270,F1 R0 D0 U2 L0 R1 U0 L0 B0 D0 ,rgbgwwryyggowrbobwworwgroybwgyyyygwgbrbboborgwoyrboroy
2271,R0 D0 U2 L0 R1 U0 L0 B0 D0 ,rgbgwwgwoygogrbwbwrrbogywwobbgyyygwgbryboyorrwoyrboroy
2272,D0 U2 L0 R1 U0 L0 B0 D0 ,rgbgwygwowgybrgwborrgogywwgbbryyrgwwbryboyorrooywboboy
2273,U2 L0 R1 U0 L0 B0 D0 ,rgbgwygwowgybrgwwgrrgogyorrgybwybwrrbryboyboyooywbowbo
2274,L0 R1 U0 L0 B0 D0 ,owgywgbgrbrybrgwwgooyogyorrgybwybwrrwgyboyboyrrgwbowbo
2275,R1 U0 L0 B0 D0 ,owgowgggrbrybrgwwgooyygybrroyboyborrbbwoogyyyrrwwbwwbg
2276,U0 L0 B0 D0 ,owwowwggryggrrwbbwoogyggbrroyyoyyorrbbwoogyyyrrwbbwbbg
2277,L0 B0 D0 ,googwwrwwrrwrrwbbwyggyggbrroyyoyyorroogoogyyybbwbbwbbg
2278,B0 D0 ,goowwwwwwrrwrrwbbwggggggrrryyyyyybrryooyooyggbbobbobbo
2279,D0 ,wwwwwwwwwrrrrrrbbbggggggrrryyyyyyyyyoooooogggbbbbbbooo
2280,F1 L1 D2 U1 F2 L0 U1 B2 D1 R1 ,ygrwwwgoogogbrobrrwyybgrwyrgbyyywbgbbgrgoworoyoobbywrw
2281,L1 D2 U1 F2 L0 U1 B2 D1 R1 ,ygrwwwgbbyogbrogrryrrygywbwrwoyywbgbbgogooorgyoobbywrw
2282,D2 U1 F2 L0 U1 B2 D1 R1 ,ygrywwwbbyogbrogrrrrrygybbwwwoyywogbooggorbgoyogbbwwry
2283,U1 F2 L0 U1 B2 D1 R1 ,ygrywwwbbyogbrobgorrrygywrybgowyyowwooggorgrryogbbwbbw
2284,F2 L0 U1 B2 D1 R1 ,rwbgwbyywrrrbrobgooogygywrybgowyyowwyoggorgrryogbbwbbw
2285,L0 U1 B2 D1 R1 ,rwbgwbogbrrrrroggoyrwygygoowyywyyowwyobgobgrryogbbwbbw
2286,U1 B2 D1 R1 ,wwbwwbggbrrrrroggorrwggyoooyyyyyygwwggyroorbbyoobbwbbw
2287,B2 D1 R1 ,bbbwwgwwgrrwrroggoggyggyoooyyyyyygwwyooroorbbrrrbbwbbw
2288,D1 R1 ,wwgwwgwwgrrrrrrggyggyggyoooyyyyyybbboooooowbbwbbwbbrrr
2289,R1 ,wwgwwgwwgrrrrrrrrrggyggyggyyybyybyybooooooooowbbwbbwbb
2290,D0 F1 U0 L2 B0 R2 U1 B2 D2 U1 ,rywrwwwwbyboyrwbgboorbgrggyryooyrgwwgbbooyobygowgbgrry
2291,F1 U0 L2 B0 R2 U1 B2 D2 U1 ,rywrwwwwbyboyrwggyoorbgrobygorwyywrogbbooyrrygowgbgbgb
2292,U0 L2 B0 R2 U1 B2 D2 U1 ,rywrwwyygrboorwggyrryogbobobyywyywrogbboowrrwgowgbgbgb
2293,L2 B0 R2 U1 B2 D2 U1 ,yrrywygwwgoworwggyrboogbobobyywyywrorryoowrrwgbbgbgbgb
2294,B0 R2 U1 B2 D2 U1 ,brrwwywwwgoworwggybboggbbboyyyyyygrowrrwooyrrgbogbobgr
2295,R2 U1 B2 D2 U1 ,wwywwywwwgooorrgggbboggbbboyyyyyywwyrrrroobrrbgggbbroo
2296,U1 B2 D2 U1 ,wwywwywwygggrrooogbbrgggbbbyyyyyywwwrrrroobrroggbbbooo
2297,B2 D2 U1 ,yyywwwwwwbbrrrooogrrrgggbbbyyyyyywwwoggroobrrgggbbbooo
2298,D2 U1 ,wwwwwwwwwbbbrrrooorrrgggbbbyyyyyyyyygggooorrrooobbbggg
2299,U1 ,wwwwwwwwwbbbrrrrrrrrrggggggyyyyyyyyygggooooooooobbbbbb
2300,U0 D1 B2 R1 L1 B0 F0 R1 B2 D2 ,gbbrwogbbryrorrogrywwwgbbwbwgyryoygwoworoorboyywybggyg
2301,D1 B2 R1 L1 B0 F0 R1 B2 D2 ,grgbwbbobyyworrogrryrwgbbwbwgyryoygwywwroorboowoybggyg
2302,B2 R1 L1 B0 F0 R1 B2 D2 ,grgbwbbobyyworrgygryrwgbogryowgygwryywwroobwbowoybgrbo
2303,R1 L1 B0 F0 R1 B2 D2 ,yrwbwbbobyyborrgyyryrwgbogryowgyggrggwwroowwbobrgbyowo
2304,L1 B0 F0 R1 B2 D2 ,yrobwgboobryyryyogrywwgbogbyorgybgrrgwwroowwbgbrgbywwo
2305,B0 F0 R1 B2 D2 ,rrowwgooobryyryyogyywggbggbooryybrrrwobwowgrwgbbgbbwwy
2306,F0 R1 B2 D2 ,yygwwgooobrryrryoryywggbggbooryybwwgoobrowrrwwggwbbybb
2307,R1 B2 D2 ,yygwwgwwborrorroorggyggybbwyybyybwwgoooroorrrwggwbbybb
2308,B2 D2 ,yyywwwwwwrrrrrooooggggggbbbyyyyyywwwoooroorrrgggbbbbbb
2309,D2 ,wwwwwwwwwrrrrrroooggggggbbbyyyyyyyyyoooooorrrbbbbbbggg
2310,F2 D0 R0 B2 F1 L1 U1 R2 F2 D2 ,yyybwyooybrrwrrooowyowgggyywbgrywrgwrogoobbbrggbwbgbrw
2311,D0 R0 B2 F1 L1 U1 R2 F2 D2 ,yyybwygbwrrrbrrgooyygggwoywyoorywrgwroooowbbbggbwbgbrw
2312,R0 B2 F1 L1 U1 R2 F2 D2 ,yyybwygbwrrrbrroywyygggwbbbrrygyowworoooowbrwggbwbggoo
2313,B2 F1 L1 U1 R2 F2 D2 ,yygbwwgbbobryrrwrryyyggobborrggywwwgroooowbrwwgbybgyoo
2314,F1 L1 U1 R2 F2 D2 ,gwwbwwgbbobbyrowrryyyggobborrggywgyyroorowrrwooygbybgw
2315,L1 U1 R2 F2 D2 ,gwwbwwoywgbbrrorrryooygbygbowwgywgyyrobrobrrgooygbybgw
2316,U1 R2 F2 D2 ,ywwywwyywgbbrrorrroooggbggbwwwyywyyybbgoorrrrooogbbbgg
2317,R2 F2 D2 ,wwwwwyyyyooorrorrrbbgggbggbwwwyywyyyooooorrrrgbbgbbbgg
2318,F2 D2 ,wwwwwwyyyrrrorrooobbbggggggwwwyyyyyyooooorrrrbbbbbbggg
2319,D2 ,wwwwwwwwwrrrrrroooggggggbbbyyyyyyyyyoooooorrrbbbbbbggg
2320,U0 L0 F2 B0 D0 F1 R0 L0 B1 U0 ,bbybwgroyorbyrrrbbywgggggybwowwyoorywwgoowgrrryobbgoyw
2321,L0 F2 B0 D0 F1 R0 L0 B1 U0 ,rbbowbygyryoyrrrbborbggggybwowwyooryywgoowgrrwwgbbgoyw
2322,F2 B0 D0 F1 R0 L0 B1 U0 ,wbbgwbggyryoyrrrbbrrboggyyboowgyogrygoyrowrwgwwobbwoyw
2323,B0 D0 F1 R0 L0 B1 U0 ,wbbgwbwoogyowrrybbbyyggobrrygggyogrygorroyrwrwwobbwoyw
2324,D0 F1 R0 L0 B1 U0 ,orbgwbwoogyywrrybgbyyggobrrygggyogrrborboywwrobwybwwwo
2325,F1 R0 L0 B1 U0 ,orbgwbwoogyywrrbrrbyyggowwrggyrygrogborboywwoobwybwybg
2326,R0 L0 B1 U0 ,orbgwbgwbyyygrrgrryorygwbgwryorygrogbooboowwwobwybwybg
2327,L0 B1 U0 ,orrgwwgwwggyrryrryyooyggbggryyryyroobooboowwwbbwbbwbbg
2328,B1 U0 ,grrwwwwwwggyrryrryoooggggggyyyyyyboowbbwoowoobbrbbrbbr
2329,U0 ,wwwwwwwwwgggrrrrrroooggggggyyyyyyyyybbboooooorrrbbbbbb
2330,D0 R1 B0 L0 R0 B1 F0 D2 R2 L1 ,yoogwywrogrgyryygrobywgbbrbrgroyoybwgwboorowwwbrgbygwb
2331,R1 B0 L0 R0 B1 F0 D2 R2 L1 ,yoogwywrogrgyrybrbobywgbowwyorbygworgwboorgwbwbrgbyygr
2332,B0 L0 R0 B1 F0 D2 R2 L1 ,yoygwgwrwgybrrrgybobowgyowoyoybybwowgwboorgwbrbrgbyrgr
2333,L0 R0 B1 F0 D2 R2 L1 ,brbgwgwrwgywrrogywobowgyowoyoybybgogywboorywbrgrgbbryr
2334,R0 B1 F0 D2 R2 L1 ,rrbbwgrrwgywrrogywbboggywwoooywyboogyoywowbrbrgggbbryy
2335,B1 F0 D2 R2 L1 ,rrobwyrrogrgyrywowbbyggbwwgoorwygooryoywowbrbwgggbbbyy
2336,F0 D2 R2 L1 ,bwybwyrrogrryrrwoobbyggbwwgoorwygwygooyoowrrbgbygbywgb
2337,D2 R2 L1 ,bwybwybwyrrrrrrooowgbwgbgbywygwygwygoooooorrrgbygbywgb
2338,R2 L1 ,bwybwybwyrrrrrrrrrwgbwgbwgbgywgywgywooooooooogbygbygby
2339,L1 ,bwwbwwbwwrrrrrrrrrwggwggwgggyygyygyyooooooooobbybbybby
2340,U0 F1 L1 R0 D2 F1 B0 U2 D2 F2 ,bgwowrbgyrworrrgwwwwbbggrwowoybybgogoboooryybgyyybyrgr
2341,F1 L1 R0 D2 F1 B0 U2 D2 F2 ,bobgwgyrwgyyrrrgwwrwobggrwowoybybgogwwbooryyboboybyrgr
2342,L1 R0 D2 F1 B0 U2 D2 F2 ,bobgwggrgyyyorrwwwogowgwrbrbrbbybgogwwwooryyyoboybyrgr
2343,R0 D2 F1 B0 U2 D2 F2 ,oobwwgrrgyyyorrwwwbgobgwgbrrrbyyboogwrywoywoyobgybgrgb
2344,D2 F1 B0 U2 D2 F2 ,ooowwwrrrwoywrywrybgbbgbgbgrrryyyooowrywoywoygbggbgbgb
2345,F1 B0 U2 D2 F2 ,ooowwwrrrwoywrywoybgbbgbbgboooyyyrrrwrywoywrygbggbggbg
2346,B0 U2 D2 F2 ,ooowwwwwwooyoryooybbbgggbbbyyyyyyrrrwrrworwrrgbggbggbg
2347,U2 D2 F2 ,yyywwwwwwoororroorbbbgggbbbyyyyyywwworroororrgggbbbggg
2348,D2 F2 ,wwwwwwyyyorrorroorggggggbbbyyyyyywwwooroororrbbbbbbggg
2349,F2 ,wwwwwwyyyorrorrorrgggggggggwwwyyyyyyoorooroorbbbbbbbbb
2350,L1 R2 F2 D2 B0 U1 D0 B2 R2 D2 ,oryrwyrowbbgwrowgwbbrwgoboooygbyyrwgbyyboggryogwgbwrry
2351,R2 F2 D2 B0 U1 D0 B2 R2 D2 ,brywwybowbbgwrowgwobrbgorooyygwyywwgygyyorbbgogrgbrrro
2352,F2 D2 B0 U1 D0 B2 R2 D2 ,brgwwybogwgworwgbbobrbggrooyyywyywwwygyyorbbgogrobrrro
2353,D2 B0 U1 D0 B2 R2 D2 ,brgwwyyyyggwrrwybboorggbrbogobwyywwwyggyoobbwogrobrrro
2354,B0 U1 D0 B2 R2 D2 ,brgwwyyyyggwrrwbbwoorggbrrowwwyywbogyggyooybbogrobrrbo
2355,U1 D0 B2 R2 D2 ,wwwwwyyyygggrrobbboorggbrrowwwyywyyygggroobbbroobbgorr
2356,D0 B2 R2 D2 ,wyywwywwyoorrrobbbgggggbrrowwwyywyyyrooroobbbgggbbgorr
2357,B2 R2 D2 ,wyywwywwyoorrrorrogggggbbbbyywyywywwroorooorrgggbbgbbb
2358,R2 D2 ,wwywwywwyooorrrrrrgggggbbbbyywyywyywoooooorrrbbbgbbggg
2359,D2 ,wwwwwwwwwrrrrrroooggggggbbbyyyyyyyyyoooooorrrbbbbbbggg
2360,B2 F1 U1 D1 B1 R0 U0 D0 L0 R0 ,owygwbrobryoyrbyrobywggrwwrrggoygwwggoyboybwgbryrbowbo
2361,F1 U1 D1 B1 R0 U0 D0 L0 R0 ,gwwgwbrobrybyrbyrgbywggrwwrrggoygywoooyboyowgobwobryrb
2362,U1 D1 B1 R0 U0 D0 L0 R0 ,gwwgwbryygybgrbrrgwrrygwbgwyygoygywooobbooowrobwobryrb
2363,D1 B1 R0 U0 D0 L0 R0 ,wbywwyggrwrrgrbrrgoobygwbgwyygoygywoobwbooowrgybobryrb
2364,B1 R0 U0 D0 L0 R0 ,wbywwyggrwrrgrbyrboobygwrrgggoyywyoyobwboobgwgybobrowr
2365,R0 U0 D0 L0 R0 ,bbowwyggrwrwgrbyryoobygwrrgggoyywbbrybwoooygwbrrybwgoo
2366,U0 D0 L0 R0 ,bbbwwwgggygwrrrybwoooygwrrrgggyyybbbybwoooygwrrrybwooo
2367,D0 L0 R0 ,gwbgwbgwbrrrrrrybwygwygwrrrgggyyybbbooooooygwybwybwooo
2368,L0 R0 ,gwbgwbgwbrrrrrrrrrygwygwygwbygbygbygoooooooooybwybwybw
2369,R0 ,wwbwwbwwbrrrrrrrrrggwggwggwyygyygyygoooooooooybbybbybb
2370,F1 D1 B2 U1 L1 D2 B2 F0 L2 R1 ,oogrwywoyrbogrrwbwoybwgrggorygwywwwgyyboogrryybbbbgrob
2371,D1 B2 U1 L1 D2 B2 F0 L2 R1 ,oogrwyrgwgboyrrrbwbroyggowgbgywywwwgyyyooorrwybbbbgrob
2372,B2 U1 L1 D2 B2 F0 L2 R1 ,oogrwyrgwgboyrrrobbroyggrbwywggywbwwyyyoooowgybbbbgrrw
2373,U1 L1 D2 B2 F0 L2 R1 ,wwbrwyrgwgboyroroybroyggrbwywggywgoobyyrooowgwrrgbbbby
2374,L1 D2 B2 F0 L2 R1 ,bywwwgwrrbroyroroybyyyggrbwywggywgoowrrrooowggbogbbbby
2375,D2 B2 F0 L2 R1 ,bywywgrrrbroyroroyyyyggggbwywgbywooorogrowwrogbwgbwbbb
2376,B2 F0 L2 R1 ,bywywgrrrbroyrowroyyygggbbbooowybgwyrogrowroygbwgbwgbw
2377,F0 L2 R1 ,ywgywgrrrbrryrrwrryyygggbbbooowybwyboogoowooywbgwbgwbg
2378,L2 R1 ,ywgywgywgrrrrrrrrrbgybgybgywybwybwybooooooooowbgwbgwbg
2379,R1 ,wwgwwgwwgrrrrrrrrrggyggyggyyybyybyybooooooooowbbwbbwbb
2380,D0 L2 F2 D0 B1 U1 D1 L2 R1 B1 ,growwrwyrwbbwrbobbggbogbygwgobgyogwrwooroyorrywrybyygy
2381,L2 F2 D0 B1 U1 D1 L2 R1 B1 ,growwrwyrwbbwrbygwggbogborrgggwyorobwooroyygyywrybyobb
2382,F2 D0 B1 U1 D1 L2 R1 B1 ,growwrryrwbbwrbygwbgbygbrrrgggwyowobygyyoroowywoyboobg
2383,D0 B1 U1 D1 L2 R1 B1 ,growwrgggwbbrrbygwrrrbgybgbryrwyowobygyyowoowywoyboobg
2384,B1 U1 D1 L2 R1 B1 ,growwrgggwbbrrbbgbrrrbgyoowwwroyyborygyyowobgywoyboygw
2385,U1 D1 L2 R1 B1 ,oyywwrgggwbgrrrbgorrrbgyoowwwroyybbbbgyoowrbgoowwbgyyy
2386,D1 L2 R1 B1 ,yrgywgowgrrrrrrbgobgybgyoowwwroyybbboowoowrbgwbgwbgyyy
2387,L2 R1 B1 ,yrgywgowgrrrrrryyybgybgybgorybwybwoboowoowoowwbgwbgrbg
2388,R1 B1 ,rrgwwgwwgrrrrrryyyggyggyggoyybyyboobwoowoowoowbbwbbrbb
2389,B1 ,rrrwwwwwwrryrryrrygggggggggyyyyyyooowoowoowoobbbbbbbbb
2390,U0 L0 D1 U2 F2 R1 U0 D1 L2 F1 ,wwwwwwyrbyrrorgwoybgrygbwbbgyogyyybrrooworgyobbgobggro
2391,L0 D1 U2 F2 R1 U0 D1 L2 F1 ,ywwrwwbwwbbgorgwoyyrrygbwbbgyogyyybrbgrworgyorooobggro
2392,D1 U2 F2 R1 U0 D1 L2 F1 ,owwgwwowwbbgorgwoyyrrrgbbbbyyoyyywbrgwbyogorrroyobggrg
2393,U2 F2 R1 U0 D1 L2 F1 ,owwgwwowwbbgorggrgyrrrgbwoyoyryybyywgwbyogbbbroyobgorr
2394,F2 R1 U0 D1 L2 F1 ,wwowwgwwogwborggrgroyrgbwoyoyryybyywbbgyogbbbyrrobgorr
2395,R1 U0 D1 L2 F1 ,wwowwgryobwbgrggrgyowbgryorowwyybyywbbgyoobbgyrrobgorr
2396,U0 D1 L2 F1 ,wwowworyybggwrrbggyoobggyooowwyyryyrbbgyoobbgwrrbbgwrr
2397,D1 L2 F1 ,rwwywwyoowrrwrrbggbggbggyooowwyyryyryooyoobbgbbgbbgwrr
2398,L2 F1 ,rwwywwyoowrrwrrwrrbggbggbggwrrwyyoyyyooyooyoobbgbbgbbg
2399,F1 ,wwwwwwooowrrwrrwrrgggggggggrrryyyyyyooyooyooybbbbbbbbb
2400,R0 B1 U0 F1 R0 B1 F1 D0 R2 B2 ,obbrwbrwobrrrrwroryowbgwoywwrgyyggybyggooooggywbgbywby
2401,B1 U0 F1 R0 B1 F1 D0 R2 B2 ,obwrwwrwwrrborrrwryogbggoybwrwyyggyyyggooooggowbbbybby
2402,U0 F1 R0 B1 F1 D0 R2 B2 ,ooyrwwrwwrroorbrwwyogbggoybwrwyygrrbgggyooyggbyywbbobb
2403,F1 R0 B1 F1 D0 R2 B2 ,rrowwowwybyyorbrwwrrobggoybwrwyygrrbyogyooygggggwbbobb
2404,R0 B1 F1 D0 R2 B2 ,rrowwoborwyyrrbwwwogbrgyrbogogyygrrbyoyyowygwgggwbbobb
2405,B1 F1 D0 R2 B2 ,rrbwwyboowrwwrywbyoggrggrbbgooyywrrgyoyyowygwrggobbobb
2406,F1 D0 R2 B2 ,yyywwyboowrrwrrwbboggrggrbbgooyywyywroyrowggwgbbgbbroo
2407,D0 R2 B2 ,yyywwywwworrorrgbbggbggborrywwyywyywroorooggbgbbgbbroo
2408,R2 B2 ,yyywwywwworrorrorrggbggbggbyyyyywwwwroorooroogbbgbbgbb
2409,B2 ,yyywwwwwwrrorrorrogggggggggyyyyyywwwroorooroobbbbbbbbb
2410,U0 L1 R2 B2 U2 L1 D0 R1 F2 L1 ,bywgwwbwogbbgrryogorywgwwrbgbrbyyyyrroyroorooobwybgwgg
2411,L1 R2 B2 U2 L1 D0 R1 F2 L1 ,bgbwwyowwobwgrryoggbbwgwwrbgbrbyyyyroryroorooroyybgwgg
2412,R2 B2 U2 L1 D0 R1 F2 L1 ,ggbwwywwwobwgrryoggbbbgwyrbgbrgyyyyryoorooorrrooybwwgb
2413,B2 U2 L1 D0 R1 F2 L1 ,ggrwwywwrgoyrrgwbogbwbgyyrrgbbgyyyywyoorooorrboowbwbgb
2414,U2 L1 D0 R1 F2 L1 ,wyywwywwrgoorrrwbygbwbgyyrrgbbgyyrggooogooyrrbgbwbwoob
2415,L1 D0 R1 F2 L1 ,rwwywwyywooorrrwbybgbbgyyrrgbbgyyrgggoogooyrrgbwwbwoob
2416,D0 R1 F2 L1 ,bwwbwwyywooorrrwbyggbggyrrrbbbwyywggooroorggygbywbyoor
2417,R1 F2 L1 ,bwwbwwyywooorrrrrrggbggyggywwbgybgyboorooroorgbywbywby
2418,F2 L1 ,bwwbwwyygorrorrorrggwggwggwwwbgyygyyoorooroorbbybbybby
2419,L1 ,bwwbwwbwwrrrrrrrrrwggwggwgggyygyygyyooooooooobbybbybby
2420,B2 D1 F1 B0 R0 D1 F2 U1 B1 D0 ,bgrwwobrbyywyryyrgwgrggrobryogrybgworgowoywwbgowbboybo
2421,D1 F1 B0 R0 D1 F2 U1 B1 D0 ,owgwwobrbyywyrwyrrwgrggrobryogrybrgbggoyoywwbobyobbwog
2422,F1 B0 R0 D1 F2 U1 B1 D0 ,owgwwobrbyywyrwwogwgrggryrrgbboygyrrggoyoyobrobyobbwwb
2423,B0 R0 D1 F2 U1 B1 D0 ,owgwwoyywbywbrwgogrrrggrwgyoyroygyrrggbyorobbobyobbwwb
2424,R0 D1 F2 U1 B1 D0 ,wwgwwoyywbyrbrrgoyrrrggrwgyoyroyggyoggbworobbwoowbbbby
2425,D1 F2 U1 B1 D0 ,wwrwwryyygbboryyrrrrrgggwgooyboywgywggbworobbwooobbgby
2426,F2 U1 B1 D0 ,wwrwwryyygbborygbyrrrgggyrrbwwyyyoogggbworwgowooobbobb
2427,U1 B1 D0 ,wwrwwrwwbobbrrybbyrrygggrrryyyyyyooggggwoowggwooobbobb
2428,B1 D0 ,rrbwwwwwwrryrrybbyggggggrrryyyyyyoogwoowoowggobbobbobb
2429,D0 ,wwwwwwwwwrrrrrrbbbggggggrrryyyyyyyyyoooooogggbbbbbbooo
2430,B1 D2 U1 B1 F0 R2 L0 B2 U2 L1 ,gwwowroyoygoyrobrogrbbggywwrrrbybgywryywowrobggygbobbw
2431,D2 U1 B1 F0 R2 L0 B2 U2 L1 ,rwrowroyoyggyrwbrwgrbbggywwrrrbybooogyyyowwobyowgbbggb
2432,U1 B1 F0 R2 L0 B2 U2 L1 ,rwrowroyoyggyrwwobgrbbggggbooobybrrrgyyyowbrwyowgbbyww
2433,B1 F0 R2 L0 B2 U2 L1 ,rrowwyroogrbyrwwobgyybggggbooobybrrryowyowbrwygggbbyww
2434,F0 R2 L0 B2 U2 L1 ,byywwyroogrryrrwoogyybggggbooobybbwbrowrowrrwgbwgbwygy
2435,R2 L0 B2 U2 L1 ,byywwywwwrrrorrooogbgggybgywygbybbwbrooroorrogbwgbwygy
2436,L0 B2 U2 L1 ,bygwwbwwbooorrorrrgbygggbggwyybyybwwrooroorroybwybwggy
2437,B2 U2 L1 ,yygwwbwwbooorrorrrbbywggwgggyygyybwwrrrroooooybbybbggw
2438,U2 L1 ,wwbwwbwwbooorrrrrrbbywggwgggyygyygyyrrroooooowggbbybby
2439,L1 ,bwwbwwbwwrrrrrrrrrwggwggwgggyygyygyyooooooooobbybbybby
2440,D2 U2 R0 B0 L1 U1 R2 F2 U0 R0 ,ygrbwbyogoowrrgyryrywygbbggrooyywbwrbwbyogorwgrowbbgow
2441,U2 R0 B0 L1 U1 R2 F2 U0 R0 ,ygrbwbyogoowrrgorwrywygbgowrwbwyyoorbwbyogyrygrowbbbgg
2442,R0 B0 L1 U1 R2 F2 U0 R0 ,goybwbrgybwbrrgorwgroygbgowrwbwyyooroowyogyryrywwbbbgg
2443,B0 L1 U1 R2 F2 U0 R0 ,goobwbrgworbrrwwgbgrbygygorrwbwywooroowyogyryyywbbbygg
2444,L1 U1 R2 F2 U0 R0 ,bwbbwbrgworrrrowgogrbygygorrwbwywoyyoowooggryybygbygbw
2445,U1 R2 F2 U0 R0 ,gwbywbggworrrrowgorrbwgyoorwwbyywyyywgyooroogybrgbbgbb
2446,R2 F2 U0 R0 ,bbwwwggygrrbrrowgowgywgyoorwwbyywyyyybrooroogorrgbbgbb
2447,F2 U0 R0 ,bbbwwwgyyogworrbrrwggwggooowwwyygyygybrooroogrrrybbybb
2448,U0 R0 ,bbbwwwwwwggwrrrrrroooggwggwyygyygyygybboooooorrrybbybb
2449,R0 ,wwbwwbwwbrrrrrrrrrggwggwggwyygyygyygoooooooooybbybbybb
2450,F0 U0 R1 F1 L1 U1 B0 R0 D0 F0 ,rrwwwgbyoyrbrrbywwrgbygwrrrbyggybybogowgoogwyobwobogyo
2451,U0 R1 F1 L1 U1 B0 R0 D0 F0 ,rrwwwgyowbrbyrbowwryrrggrwbyrygybybogobgoygwgobwobogyo
2452,R1 F1 L1 U1 B0 R0 D0 F0 ,ywrowrwgwobwyrbowwbrbrggrwbyrygybyboryrgoygwggobobogyo
2453,F1 L1 U1 B0 R0 D0 F0 ,ywgowowggwbwbrwoyobrrrgrrwwyrbgygybbryrgoygwgoobbboyyo
2454,L1 U1 B0 R0 D0 F0 ,ywgowowbobbwrrwyyorrwrgwbrrryggygybbryggoggwwoobbboyyo
2455,U1 B0 R0 D0 F0 ,rwgrwobbobbwrrwyyorrwggwyrroygoygbbbggwyowrggoowbboyyy
2456,B0 R0 D0 F0 ,goowwbrrbrrwrrwyyoggwggwyrroygoygbbboowyowrggbbwbboyyy
2457,R0 D0 F0 ,wwowwbrrbrrbrrbyybggwggwyrroygoygoyroowoowgggybbybbyow
2458,D0 F0 ,wwwwwwrrryrryrrbbbggggggyrroyyoyyoyyoowoowgggbbbbbboow
2459,F0 ,wwwwwwrrryrryrryrrgggggggggoooyyyyyyoowoowoowbbbbbbbbb
2460,D1 R2 U1 D2 F2 L0 B1 F0 D1 U1 ,broowoowgywwyrbrbwwboogrwgyrybryogrrogggoyyggbwyybwbbr
2461,R2 U1 D2 F2 L0 B1 F0 D1 U1 ,broowoowgywwyrbbbrwboogrrbwboryyrrrgogggoywgybwyybwygg
2462,U1 D2 F2 L0 B1 F0 D1 U1 ,brrowrowgrbbbrywwywbyogyrbbbooyyorrgogggoywgywwyrbwogg
2463,D2 F2 L0 B1 F0 D1 U1 ,rrgrwwboowbybrywwyoggogyrbbbooyyorrgwwygoywgyrbbrbwogg
2464,F2 L0 B1 F0 D1 U1 ,rrgrwwboowbybrywgyoggogyogggrroyyoobwwygoywwyrbbrbwrbb
2465,L0 B1 F0 D1 U1 ,rrgrwwrrgybyyryygyggoygoggoooboyyoobwwwgobwwwrbbrbwrbb
2466,B1 F0 D1 U1 ,brgwwwbrgybyyryygyrgorgorgogobyyygobwgwwowwbwrborborbo
2467,F0 D1 U1 ,wwwwwwbrgybbyrryggrgorgorgogobyyyyyyggwoowbbwooobbbrrr
2468,D1 U1 ,wwwwwwwwwbbbrrrgggrrrgggoooyyyyyyyyygggooobbbooobbbrrr
2469,U1 ,wwwwwwwwwbbbrrrrrrrrrggggggyyyyyyyyygggooooooooobbbbbb
2470,D1 R1 F0 L0 D1 B1 F1 L0 D2 B1 ,yyobwwbwwbbwgrroorogrygrrrgbbwyywggwgoyoorooybbrwbggyy
2471,R1 F0 L0 D1 B1 F1 L0 D2 B1 ,yyobwwbwwbbwgrrgyyogrygroorwwwbygbyggoyoorrrgbbrwbgooy
2472,F0 L0 D1 B1 F1 L0 D2 B1 ,yyobwwbwbwrybrybggogoygwoowwwrbyrbyrgoyoorrrggbrgbgwoy
2473,L0 D1 B1 F1 L0 D2 B1 ,yyobwwgrybrywrybggoyooggwwobbwbyrbyrgowoowrrrgbrgbgwoy
2474,D1 B1 F1 L0 D2 B1 ,yyogwwrrybrywrybggyyobgggwoobwoyrwyrrogroorwwgbbgbbwob
2475,B1 F1 L0 D2 B1 ,yyogwwrrybrywrywobyyobggbggwrrbyyoowrogroogwogbbgbbrww
2476,F1 L0 D2 B1 ,grrgwwrrybrywrywooyyobggbggwrrbyybyyoogooowwobbwbbwggr
2477,L0 D2 B1 ,grrgwwbwwrryrrywoooggyggybbgoobyybyyooyoorwwrbbwbbwggr
2478,D2 B1 ,rrrwwwwwwrryrrywooggggggbbboooyyyyyywoowoorrybbbbbbggg
2479,B1 ,rrrwwwwwwrryrryrrygggggggggyyyyyyooowoowoowoobbbbbbbbb
2480,U0 D2 L2 F0 D2 B0 F2 L1 D0 B0 ,gwrgwobrbowywrogyrrbyogbggwwwogyborgyywyoyworbrobbrygb
2481,D2 L2 F0 D2 B0 F2 L1 D0 B0 ,bggrwwborbrowrogyrowyogbggwwwogyborgrbyyoyworyywbbrygb
2482,L2 F0 D2 B0 F2 L1 D0 B0 ,bggrwwborbrowroworowyogbygbgrobygowwrbyyoygyryywbbrggw
2483,F0 D2 B0 F2 L1 D0 B0 ,gggbwwoorbrowroworwwyrgbwgbbrorygbwwrygyoyybryyybboggo
2484,D2 B0 F2 L1 D0 B0 ,gggbwwrygoroorororwrwggwbbywwbrygbwwrybyoryboyyybboggo
2485,B0 F2 L1 D0 B0 ,gggbwwrygorooroybowrwggwggowwbgyrbwwrybyorroryyybbobby
2486,F2 L1 D0 B0 ,ooobwwrygorworwybbwrwggwggowwbgyrryrgybgorgorbbybbyyoy
2487,L1 D0 B0 ,ooobwwbwwrrwrrwbbboggwggwrwgyrgyrryrgyygoogoobbybbyyoy
2488,D0 B0 ,ooowwwwwwrrwrrwbbbggggggrrwyyryyryyryooyoogggbbbbbbyoo
2489,B0 ,ooowwwwwwrrwrrwrrwgggggggggyyyyyyrrryooyooyoobbbbbbbbb
2490,L2 B1 U1 D0 R1 U0 B0 F1 U0 B1 ,rgbrwwooyogyrrybbrbwgbgyywwrrrryyoogggwyowgbboowobgybw
2491,B1 U1 D0 R1 U0 B0 F1 U0 B1 ,rgbrwwooyogyrrybbrwwgggywwwrrrryyoogbbgwoywggooyobbybb
2492,U1 D0 R1 U0 B0 F1 U0 B1 ,wwbrwwooyogrrrgbbbwwgggywwwrrrryyryyobgooygggybbobbooy
2493,D0 R1 U0 B0 F1 U0 B1 ,bwywwowrowwgrrgbbbobgggywwwrrrryyryyybbooygggogrobbooy
2494,R1 U0 B0 F1 U0 B1 ,bwywwowrowwgrrgwwwobgggygggrrryyryyrybbooyooyogrobbbbb
2495,U0 B0 F1 U0 B1 ,bwbwwowroggwwrwwrwobyggoggorrgyyyyygybbooyooyrgrrbbrbb
2496,B0 F1 U0 B1 ,wwbrwwoobrgrwrwwrwggwggoggorrgyyyyygobyooyooyybbrbbrbb
2497,F1 U0 B1 ,rwwrwwoobrggwrywryggwggoggorrgyyyooobbywoywoyrrybbbbbb
2498,U0 B1 ,rwwrwwrwwgggrryrrywooggggggyyyyyyooobbbwoowoorrybbbbbb
2499,B1 ,rrrwwwwwwrryrryrrygggggggggyyyyyyooowoowoowoobbbbbbbbb
2500,L1 B2 F0 L1 D1 U2 F1 B2 L1 D1 ,wyrywbwwogobgrbygyrgybgogworrbryroobgbgyorwyywgowborwb
2501,B2 F0 L1 D1 U2 F1 B2 L1 D1 ,ryrbwbgwogobgrbygyrgyrgoowobrboyroobgryboygywwgwwbyrww
2502,F0 L1 D1 U2 F1 B2 L1 D1 ,boobwbgwogoggrbyggrgyrgoowobrboyrryryryboybywwwrybwwgw
2503,L1 D1 U2 F1 B2 L1 D1 ,boobwbwyygogwrboggorrwggooyyggoyrryryrbborbybwwrybwwgw
2504,D1 U2 F1 B2 L1 D1 ,ooowwboyygogwrboggyrroggroywggwyrryrbrbroyybbwwwybbwgb
2505,U2 F1 B2 L1 D1 ,ooowwboyygogwrbwgbyrroggogggrrgyywwrbrbroyroywwwybbybb
2506,F1 B2 L1 D1 ,yyobwwooobrbwrbwgbwwwoggogggrrgyywwrgogroyroyyrrybbybb
2507,B2 L1 D1 ,yyobwwbwwrrbrrbggbwggwggwoogyygyywwrgooroorooyrrybbybb
2508,L1 D1 ,rwwbwwbwwrrrrrrgggwggwggwoogyygyyoyyboobooboobbybbyrry
2509,D1 ,wwwwwwwwwrrrrrrgggggggggoooyyyyyyyyyoooooobbbbbbbbbrrr
2510,F2 D1 U2 R2 L2 B1 D0 F1 R1 L0 ,yooywrrgoyygwrwwrogobogbgwrrrboybogwrbwyobywywybgbgbrg
2511,D1 U2 R2 L2 B1 D0 F1 R1 L0 ,yooywrbrryygbrwwrorwgbgobogogroybogwrbwyowywywybgbgbrg
2512,U2 R2 L2 B1 D0 F1 R1 L0 ,yooywrbrryygbrwbrgrwgbgowrorbwgygooorbwyowbogwybgbgywy
2513,R2 L2 B1 D0 F1 R1 L0 ,rrbrwyooyrbwbrwbrgwybbgowrorbwgygoooyygyowbogrwggbgywy
2514,L2 B1 D0 F1 R1 L0 ,rrwrwgooogrbwrbwbrwyybggwrrrbbgyyooyyygyowbogowgobgbwy
2515,B1 D0 F1 R1 L0 ,rrwgwgooogrbwrbwbryyyggggrrrbbryyooygobwoygyyowwobbbww
2516,D0 F1 R1 L0 ,gwggwgooogrrwrrwbwyyyggggrrrbbryyrbboobooyyyywbwwbwoob
2517,F1 R1 L0 ,gwggwgooogrrwrrgrryyygggyyyrrrbybbyboobooyoobwbwwbwwbw
2518,R1 L0 ,gwggwggwgrrrrrrrrrygyygyygybybbybbybooooooooowbwwbwwbw
2519,L0 ,gwwgwwgwwrrrrrrrrryggyggyggbyybyybyyooooooooobbwbbwbbw
2520,U1 D1 F0 R0 D2 U1 F2 L1 U2 B1 ,oyygwbgbbrwroroygboywogbrrbgyrryrywybwwoowgbwggwgbyoro
2521,D1 F0 R0 D2 U1 F2 L1 U2 B1 ,ybbywboggoyworoygbbwwogbrrbgyrryrywyggwoowgbwrwrgbyoro
2522,F0 R0 D2 U1 F2 L1 U2 B1 ,ybbywboggoyworoorobwwogbygbrryyywgryggwoowrrbrwrgbygbw
2523,R0 D2 U1 F2 L1 U2 B1 ,ybbywbbwwoywgrogroyobggwbbwoooyywgryggroorrryrwrgbygbw
2524,D2 U1 F2 L1 U2 B1 ,ybbywwbwwggorryoowyooggwbbyoogyyggrrggroorrrywwrbbybbw
2525,U1 F2 L1 U2 B1 ,ybbywwbwwggorryrryyooggwbbwrrggyygooggrooroowwwrbbybby
2526,F2 L1 U2 B1 ,bwwbwwyybyoorryrryggrggwbbwrrggyygoowwrooroowggobbybby
2527,L1 U2 B1 ,bwwbwwgrrwoorryrrywbbwggrggbyygyygoowwroorooyggobbybby
2528,U2 B1 ,wwwwwwrrrwoorryrrybbbggggggyyyyyyooorrywoowoogggbbbbbb
2529,B1 ,rrrwwwwwwrryrryrrygggggggggyyyyyyooowoowoowoobbbbbbbbb
2530,U2 R2 L1 B1 F1 R0 U0 B2 F2 D1 ,rrwgwrogbywbwrwgoyyyrygbrywgoogybyrrwobborgwwogbobygbo
2531,R2 L1 B1 F1 R0 U0 B2 F2 D1 ,bgorwgwrrwobwrwgoyogbygbrywgoogybyrrywbborgwwyyrobygbo
2532,L1 B1 F1 R0 U0 B2 F2 D1 ,bgorwbwrryogwrwbowoggygoryygoogygyrrywbborgwwwyrbbybbo
2533,B1 F1 R0 U0 B2 F2 D1 ,ogoywbrrryogwrwbowgggggoyyyoooyygrrrbrwwowybgwywbbrbbb
2534,F1 R0 U0 B2 F2 D1 ,ywbywbrrryoowrgboogggggoyyyoooyygwwgrrwrowrbgwrbybbwbb
2535,R0 U0 B2 F2 D1 ,ywbywbywboooorgooogoyggyggywwgyygwwgrrrrorrbrwrbybbwbb
2536,U0 B2 F2 D1 ,ywyywyywyooooroogogogggggggwwwyyywwwrrrrorrbrbrbbbbbbb
2537,B2 F2 D1 ,yyywwwyyybrboroogooooggggggwwwyyywwwgogrorrbrrrrbbbbbb
2538,F2 D1 ,wwwwwwyyybrrorroggoooggggggwwwyyyyyyoogoorbbrbbbbbbrrr
2539,D1 ,wwwwwwwwwrrrrrrgggggggggoooyyyyyyyyyoooooobbbbbbbbbrrr
2540,U2 R1 L2 F1 B2 D0 F0 B2 U1 F0 ,gwygwwrywrgoorbrrywogbgwbgywobrybgyryybyoowgobrowbrgbo
2541,R1 L2 F1 B2 D0 F0 B2 U1 F0 ,wyrwwgywgyyborbrrybrobgwbgywobrybgyrrgoyoowgowogwbrgbo
2542,L2 F1 B2 D0 F0 B2 U1 F0 ,wygwwwywwbbyyrryorbrrbggbggwoorywgyyrgoyoowgorogbbrbbo
2543,F1 B2 D0 F0 B2 U1 F0 ,wygrwwgwwbbyyrryororrrgggggwoowywyyyogwooyogrrobbbbbbb
2544,B2 D0 F0 B2 U1 F0 ,wygrwwbyyobyorrworrggrggorgwyrwywyyyogwoowoggrobbbbbbb
2545,D0 F0 B2 U1 F0 ,yyyrwwbyyoboorowoorggrggorgwyrwywgywrgwrowyggbbbbbbbor
2546,F0 B2 U1 F0 ,yyyrwwbyyobooroorgrggrggygggwwyyywwrrgwrowborbbbbbbwoo
2547,B2 U1 F0 ,yyyrwwrwwbboyroyrgyrrggggggoooyyywwrrggrowbowbbbbbbwoo
2548,U1 F0 ,rwwrwwrwwbbbyrryrryrrggggggoooyyyyyygggoowoowoowbbbbbb
2549,F0 ,wwwwwwrrryrryrryrrgggggggggoooyyyyyyoowoowoowbbbbbbbbb
2550,R2 F0 U1 D1 F1 L1 D2 F2 B1 U2 ,rgorwobyoggbyrgwbwygyogbgbroobwyrwygywrrowbbwywgrbyroo
2551,F0 U1 D1 F1 L1 D2 F2 B1 U2 ,rgbrwrbygwbwgrybggygrogrgbyooowyowyoywrrowbbwrwgbbyyoo
2552,U1 D1 F1 L1 D2 F2 B1 U2 ,rgbrwrwwrbbwyryggggoybggyrrbgwwyowyoyworoobborwgbbyyoo
2553,D1 F1 L1 D2 F2 B1 U2 ,brrgwwrrwgoyyrygggywobggyrrbgwwyowyorwgroobbobbwbbyyoo
2554,F1 L1 D2 F2 B1 U2 ,brrgwwrrwgoyyryyooywobgggggwoogyybwwrwgrooyrrbbwbbybbo
2555,L1 D2 F2 B1 U2 ,brrgwwgyyooyorywoooggwggybggorgyybwwrwwroryrrbbwbbybbo
2556,D2 F2 B1 U2 ,orrwwwyyyooyorywooggggggbbgooryyywwwwrrworrrybbgbbgbbb
2557,F2 B1 U2 ,orrwwwyyyooyoryrryggggggbbbwwwyyyroowrrworwoobbgbbgbbg
2558,B1 U2 ,orrwwwwwwooyrryrrybbbggggggyyyyyyroowrrwoowoobbgbbgbbg
2559,U2 ,wwwwwwwwwooorrrrrrbbbggggggyyyyyyyyyrrroooooogggbbbbbb
2560,L1 D1 R1 F1 D2 U0 F0 B0 D2 U2 ,bwygwrwwwowrrrggbrrbbogywoogyybyyygboyggobbrogoyrbowwr
2561,D1 R1 F1 D2 U0 F0 B0 D2 U2 ,rwyowrwwwowrrrggbrgbbbgyyooryyoyyygbgboyorogbgowrbgwwb
2562,R1 F1 D2 U0 F0 B0 D2 U2 ,rwyowrwwwowrrrgwwbgbbbgygbryybyygroygboyoryoogowrbgogb
2563,F1 D2 U0 F0 B0 D2 U2 ,rwoowrwwgrgbwrworwgbybgrgbwyybyyyrorgboyoryooyowgbgbgb
2564,D2 U0 F0 B0 D2 U2 ,rwoowrrwobgbyrwyrwyrwbgbgbgoroyyyrorgbgyowyowyowgbgbgb
2565,U0 F0 B0 D2 U2 ,rwoowrrwobgbyrwyowyrwbgbbgbroryyyorogbgyowyrwyowgbggbg
2566,F0 B0 D2 U2 ,rorwwworoyowyrwyowbgbbgbbgbroryyyoroyrwyowyrwgbggbggbg
2567,B0 D2 U2 ,rorwwwwwwoowrrwoowbbbgggbbbyyyyyyoroyrryooyrrgbggbggbg
2568,D2 U2 ,wwwwwwwwwooorrrooobbbgggbbbyyyyyyyyyrrrooorrrgggbbbggg
2569,U2 ,wwwwwwwwwooorrrrrrbbbggggggyyyyyyyyyrrroooooogggbbbbbb
2570,L1 R0 D1 U0 B0 L2 D2 R1 U1 D2 ,rgrbwooboywgrrgyoobrbogwgggwwobyyyygwywwogboryrbybbwrr
2571,R0 D1 U0 B0 L2 D2 R1 U1 D2 ,bgrowogboywgrrgyoowrbbgwyggrwobyybygwgryoowwbyroybbwrr
2572,D1 U0 B0 L2 D2 R1 U1 D2 ,bgbowwgbgyryorwoggwrobgyyggrwwbyybyywgryoowwboroobbrrr
2573,U0 B0 L2 D2 R1 U1 D2 ,bgbowwgbgyryorwrrrwrobgyoggwyywyyrbbwgryooyggoroobbwwb
2574,B0 L2 D2 R1 U1 D2 ,gobbwggwboroorwrrryrybgyoggwyywyyrbbwroyooyggwgrobbwwb
2575,L2 D2 R1 U1 D2 ,owrbwggwborborbrrryrybgyoggwyywyywyybroooogggwowwbgbbr
2576,D2 R1 U1 D2 ,wwrwwgwwborborbrrrrryggywggoyybyygyygggoooorbwoowbbbby
2577,R1 U1 D2 ,wwrwwgwwborborborbrryggybbyyygyybyyogggooorrrwoowbbwgg
2578,U1 D2 ,wwwwwwwwwbbbrrrooorrrgggbbbyyyyyyyyygggooorrrooobbbggg
2579,D2 ,wwwwwwwwwrrrrrroooggggggbbbyyyyyyyyyoooooorrrbbbbbbggg
2580,U1 B2 D2 U2 R1 B2 L1 R0 F2 B1 ,rwgowwgbobgyorryroowwwgggbowrbyygbyybbwyooworrryybbggr
2581,B2 D2 U2 R1 B2 L1 R0 F2 B1 ,gwowwbrogowworryrobbwwgggbowrbyygbyyrryyooworbgyybbggr
2582,D2 U2 R1 B2 L1 R0 F2 B1 ,yybwwbrogowworyyrrbbwwgggbowrbyygowgoryrooworrggbbyygb
2583,U2 R1 B2 L1 R0 F2 B1 ,yybwwbrogowworyworbbwwggygbgwogyybrworyrooyrrrggbbygbo
2584,R1 B2 L1 R0 F2 B1 ,gorbwwbyyoryoryworrggwggygbgwogyybrwowwrooyrrbbwbbygbo
2585,B2 L1 R0 F2 B1 ,gogbwbbybyyrrrooowrgrwgwygygwggygbrbowwrooyrrwbwybyobo
2586,L1 R0 F2 B1 ,brbbwbbybyyyrrrooorgrwgwygygwggyggogwwwooorrroboybywbw
2587,R0 F2 B1 ,rrbwwbyybyyyrrroooggrggwggywwgyygoogworworworobbybbwbb
2588,F2 B1 ,rrrwwwyyyoryoryorygggggggggwwwyyyoooworworworbbbbbbbbb
2589,B1 ,rrrwwwwwwrryrryrrygggggggggyyyyyyooowoowoowoobbbbbbbbb
2590,R2 U0 F2 D1 B2 R0 L0 B0 R2 U1 ,bogrwyogbygogroyywborygwgrrowgoybrbrogwborwbwywyybwbrg
2591,U0 F2 D1 B2 R0 L0 B0 R2 U1 ,bogrwbogrwyyorgogybobygygryowgoyyrbbogwborwbwrwywbwrrg
2592,F2 D1 B2 R0 L0 B0 R2 U1 ,orbgworbgrwyorgogywyyygygryowgoyyrbbbobborwbwogwwbwrrg
2593,D1 B2 R0 L0 B0 R2 U1 ,orbgwogwowwyrrgbgyyrgygyyywgbroyyrbbbooboowbrogwwbwrrg
2594,B2 R0 L0 B0 R2 U1 ,orbgwogwowwyrrgrrgyrgygybgyrybbybgorboobooyywogwwbwwbr
2595,R0 L0 B0 R2 U1 ,roggwogwowwyrrbrrbyrgygybgyrybbybbrogoogooyywrbwwbwwgo
2596,L0 B0 R2 U1 ,roggwygwyrrwrrwbbyyrbygbbgorywbywbrrgoogooyywobwobwggo
2597,B0 R2 U1 ,oogwwywwyrrwrrwbbyrrbggbggoyywyywbrryggyoowooobbobbggr
2598,R2 U1 ,wwywwywwyrrrrrrbbbrrbggbggoyywyywyywgggoooooogoogbbrbb
2599,U1 ,wwwwwwwwwbbbrrrrrrrrrggggggyyyyyyyyygggooooooooobbbbbb
2600,L2 B1 D2 U2 F2 R1 B0 D2 R0 L2 ,grobwyrorgogorwwryygwbgbrybbrowygwyoywgooyrrywbogbwbgb
2601,B1 D2 U2 F2 R1 B0 D2 R0 L2 ,browwyworgogorwwrybgwwgboybgrobygryoyrryoogwywbrgbbbgy
2602,D2 U2 F2 R1 B0 D2 R0 L2 ,gyywwyworgoborrwrobgwwgboybgrobygywgrrryooowyrbybbgwgb
2603,U2 F2 R1 B0 D2 R0 L2 ,gyywwyworgoborrowybgwwgbwgbgwygyborgrrryoowrorbybbgoyb
2604,F2 R1 B0 D2 R0 L2 ,rowywwyygrrrorrowyrbywgbwgbgwygyborggobyoowrobgwbbgoyb
2605,R1 B0 D2 R0 L2 ,rowywwywgorrorrbwybgwbgwybrgyygyborggooyoowrrbgwbbgoyb
2606,B0 D2 R0 L2 ,rooywbywbrryrrwoobbgwbgwybggywgyworrgooyoowrrggwbbgyyb
2607,D2 R0 L2 ,ywbywbywbrrrrrrooobgwbgwybggywgywgywoooooorrrybgybgbgw
2608,R0 L2 ,ywbywbywbrrrrrrrrrbgwbgwbgwwygwygwygoooooooooybgybgybg
2609,L2 ,ywwywwywwrrrrrrrrrbggbggbggwyywyywyyooooooooobbgbbgbbg
2610,U0 B0 L1 D1 U0 F1 D0 B0 F2 U0 ,yroowwgbwbbwyrwwgroyroggoogywrryogwgrywroboybbgbgbbyry
2611,B0 L1 D1 U0 F1 D0 B0 F2 U0 ,goybwrwwobgbyrwwgrbbwoggoogywrryogwgoyrroboybrywgbbyry
2612,L1 D1 U0 F1 D0 B0 F2 U0 ,bwrbwrwwobggyrwwggbbwoggoogywrryooroyyroobgybygrrbyybw
2613,D1 U0 F1 D0 B0 F2 U0 ,bwrowrowobggyrwwggybwrggoogwwryyorrorbbyoyyogygwrbbybb
2614,U0 F1 D0 B0 F2 U0 ,bwrowrowobggyrwybbybwrggwggroowyrwyrrbbyoyoogygwrbbyog
2615,F1 D0 B0 F2 U0 ,oobwwworrygwyrwybbbggrggwggroowyrwyrybwyoyoogrbbrbbyog
2616,D0 B0 F2 U0 ,oobwwwyyyogworwrbbggggggbrwwygwyrwyrybryorooorbbrbbyog
2617,B0 F2 U0 ,oobwwwyyyogworwbrwggggggooowwwyyyrrgybryoryogrbbrbbrbb
2618,F2 U0 ,wwwwwwyyyoggorrbrrggggggooowwwyyyyyybbrooroogrrrbbbbbb
2619,U0 ,wwwwwwwwwgggrrrrrroooggggggyyyyyyyyybbboooooorrrbbbbbb
2620,B1 F1 D2 R2 L2 B0 R1 F1 U2 D2 ,ooyywbwygorrorrwrrogwwggbgrywbbywyywgrboooowrgyygbbgbb
2621,F1 D2 R2 L2 B0 R1 F1 U2 D2 ,oogywbwygoroorowryogwwggbgrywbbywrrryrbyoowwrybbybbggg
2622,D2 R2 L2 B0 R1 F1 U2 D2 ,oogywboowbrowroyrywgrgggowbborbywrrryrgyoywwwybbybbggg
2623,R2 L2 B0 R1 F1 U2 D2 ,oogywboowbrowrowwwwgrggggggrrrwybrobyrgyoyyryybbybbowb
2624,L2 B0 R1 F1 U2 D2 ,oorywboobwwworworbwgoggyggyrrgwybrowyrgyoyyrygbbgbbrwb
2625,B0 R1 F1 U2 D2 ,rorwwbrobwwworworbbgobgybgyorgyyboowyryyoygrygbggbgrww
2626,R1 F1 U2 D2 ,wwbwwbrobwwworoorobgobgybgyorgyybyygrryooyrryrggwbbwgg
2627,F1 U2 D2 ,wwwwwwrorwoowrrwoobgbbgbbgboroyyyyyyrryooyrrygggbbbggg
2628,U2 D2 ,wwwwwwwwwooorrrooobbbgggbbbyyyyyyyyyrrrooorrrgggbbbggg
2629,D2 ,wwwwwwwwwrrrrrroooggggggbbbyyyyyyyyyoooooorrrbbbbbbggg
2630,R0 U0 B1 L1 F2 D2 L0 R2 B0 U0 ,yygrwgrwgoyrbryoooybwggrbowowbryywgyrggooorwywrbbbbgwb
2631,U0 B1 L1 F2 D2 L0 R2 B0 U0 ,yywrwrrwwobooryoyrybbggyboyowgrybwgwrggooorwygrbgbbgwb
2632,B1 L1 F2 D2 L0 R2 B0 U0 ,rrywwywrwgrboryoyroboggyboyowgrybwgwybbooorwyrgggbbgwb
2633,L1 F2 D2 L0 R2 B0 U0 ,roywwywrwgrrorroyyoboggyboyowgrybrybwbbgoowwygbbgbwrgg
2634,F2 D2 L0 R2 B0 U0 ,ooygwybrwgrrorroyyoborgyroygwgwybbybboybowwgwgbwgbwrgr
2635,D2 L0 R2 B0 U0 ,ooygwygwgwrrwrryyyyorygrobowrbwybbybbooboowgggbwgbwrgr
2636,L0 R2 B0 U0 ,ooygwygwgwrrwrrwggyorygrrgrbybbywbrwboobooyyygbwgbwobo
2637,R2 B0 U0 ,ooywwywwgwrrwrrwggoorggrggryybyywrrwybbyooyoogbbgbbobb
2638,B0 U0 ,oobwwwwwwggwrrwrrwoooggggggyyyyyyrrgybbyooyoorbbrbbrbb
2639,U0 ,wwwwwwwwwgggrrrrrroooggggggyyyyyyyyybbboooooorrrbbbbbb
2640,D1 B2 U1 L1 D2 B2 R1 F2 B2 L2 ,wwbywwbbwbbrrroybwoorygygrryggwyywwbrgyroooroygggbboog
2641,B2 U1 L1 D2 B2 R1 F2 B2 L2 ,wwbywwbbwbbrrrooogoorygyybwgybgywywwrgyroogrrygggbboro
2642,U1 L1 D2 B2 R1 F2 B2 L2 ,wwyywwbbwbbgrrrooroorygyybwgybgywbwwggyooorrrorobbgggy
2643,L1 D2 B2 R1 F2 B2 L2 ,ywwwwbwyboorrrroorggyygyybwgybgywbwworoooorrrbbgbbgggy
2644,D2 B2 R1 F2 B2 L2 ,gwwywbyyboorrrroorggyggybbwyybgywgwwoorroroorbbwbbwggy
2645,B2 R1 F2 B2 L2 ,gwwywbyyboorrrroorggyggyggywwgwygbyyoorroroorbbwbbwbbw
2646,R1 F2 B2 L2 ,yybywbyybooorrroooggyggyggywwgwygwwgrorrorrorwbbwbbwbb
2647,F2 B2 L2 ,yywywwyyworoorooroggbggbggbwwywyywwyrorrorrorgbbgbbgbb
2648,B2 L2 ,yywywwywwrrorrorrobggbggbggwyywyywwyroorooroogbbgbbgbb
2649,L2 ,ywwywwywwrrrrrrrrrbggbggbggwyywyywyyooooooooobbgbbgbbg
2650,U2 B2 D2 F2 L2 B1 F1 R1 L1 D2 ,roogwgroobobwrygogywwggbyywrrobybrrogrgyowbrbyywbbgyww
2651,B2 D2 F2 L2 B1 F1 R1 L1 D2 ,oorgwgoorgrgwrygogyywggbyywrrobybrrobobyowbrbywwbbgyww
2652,D2 F2 L2 B1 F1 R1 L1 D2 ,orrgwgoorgrbwrygobyywggbyywrrobybroogobyowgrbwwygbbwwy
2653,F2 L2 B1 F1 R1 L1 D2 ,orrgwgoorgrbwrygrbyywggbwwyoorbyborrgobyowgobwwygbbyyw
2654,L2 B1 F1 R1 L1 D2 ,orrgwgroobrbwrybrbywwbggwyyroobyborrgogyowgogwwygbbyyw
2655,B1 F1 R1 L1 D2 ,rrrbwgooobrbwrybrbwwwbggyyyooogybrrrgogwoygogwwwgbbyyy
2656,F1 R1 L1 D2 ,gwgbwgooobrrwrrbrrwwwbggyyyooogybbybrogroyrogwbywbywgy
2657,R1 L1 D2 ,gwgbwgbwborrorrorrwgywgywbygyggybbybroorooroowbywbywgy
2658,L1 D2 ,gwwbwwbwwrrrrrrooowggwggwbbgyygyybyyroorooroobbybbyggy
2659,D2 ,wwwwwwwwwrrrrrroooggggggbbbyyyyyyyyyoooooorrrbbbbbbggg
2660,B0 F0 U0 R2 D1 L2 F1 U2 D2 R0 ,gyrwwowrowgbbrrroorygrgrybgboyyywbwwyggyogrgowbowbobby
2661,F0 U0 R2 D1 L2 F1 U2 D2 R0 ,browwowrowgwbrwrobrygrgrybgboyyywyyrrggyogggobwwbbbyoo
2662,U0 R2 D1 L2 F1 U2 D2 R0 ,browwooggwgwrrwoobyrrbgygrgrbwyywyyrrgbyooggybwwbbbyoo
2663,R2 D1 L2 F1 U2 D2 R0 ,owbgwrgoobwwrrwoobwgwbgygrgrbwyywyyryrryooggyrgbbbbyoo
2664,D1 L2 F1 U2 D2 R0 ,owwgwwgorboowrrwwbwgybgbgrrrbbyyryyoyrryooggyggbybbwoo
2665,L2 F1 U2 D2 R0 ,owwgwwgorboowrrwoowgybgbwwbbrobyyryyyrryoogrrggbybbggy
2666,F1 U2 D2 R0 ,bwwbwwrorboowrrwooygybgbbwborogyygyyrrgooyrryggwybbggw
2667,U2 D2 R0 ,bwwbwwbwwooorrroooybbggwybbgyygyygyyrrrooorrrggwybbggw
2668,D2 R0 ,wwbwwbwwbrrrrrroooggwggwybbgyygyygyyoooooorrrybbybbggw
2669,R0 ,wwbwwbwwbrrrrrrrrrggwggwggwyygyygyygoooooooooybbybbybb
2670,R0 L0 D2 R0 U0 L1 F2 U2 B2 R2 ,rwwywwygworrorrggrbrbggbrbobwyyyyoywyrogoogoybogbbwgbw
2671,L0 D2 R0 U0 L1 F2 U2 B2 R2 ,rwbywbygogoogrrrrrbryggyrbwbwgyyboybyrogoogoywogwbwwbw
2672,D2 R0 U0 L1 F2 U2 B2 R2 ,wwbwwbggogoogrrrrrrryygyybwbwggybrybggyooryoowoowbywbb
2673,R0 U0 L1 F2 U2 B2 R2 ,wwbwwbggogoogrryoorryygywbbbyrbyggwbggyoorrrrwoowbyybw
2674,U0 L1 F2 U2 B2 R2 ,wwywwyggbyggoroororrryggwbbbyybywgwwggyoorrrrooobbybbw
2675,L1 F2 U2 B2 R2 ,gwwgwwbyyoooorooroyggyggwbbbyybywgwwrrroorrrrggybbybbw
2676,F2 U2 B2 R2 ,ywwywwwyyooooroorobggbgggbbwyyyywywwrrrrorrorggbbbgbbg
2677,U2 B2 R2 ,ywwywwyywroorrorrobbgggbggbyywyywywwrroroorooggbbbgbbg
2678,B2 R2 ,wyywwywwyrrorrorroggbggbggbyywyywywwroorooroobbgbbgbbg
2679,R2 ,wwywwywwyrrrrrrrrrggbggbggbyywyywyywooooooooogbbgbbgbb
2680,U2 L2 F2 B1 U1 D2 B1 R0 D0 B2 ,grgbwggybwrworyyggroooggroowbbwyyryrywyrowygboborbwwbb
2681,L2 F2 B1 U1 D2 B1 R0 D0 B2 ,byggwbgrgywyoryyggobooggroowbbwyyryrwrwrowygbroorbwwbb
2682,F2 B1 U1 D2 B1 R0 D0 B2 ,wygwwbrrgywyoryyggbbowggooobbbgyygyrbgyworwrwrorrbowbo
2683,B1 U1 D2 B1 R0 D0 B2 ,wygwwbbbbwwyrryyggoooggwobbgrrgyygyrbgywoowryrorrbowbo
2684,U1 D2 B1 R0 D0 B2 ,wwbwwbbbbwwwrryyggoooggwobbgrrgyygyyggyyoorryrooobbrrw
2685,D2 B1 R0 D0 B2 ,bbbwwbwwbooorryyggggyggwobbgrrgyygyyrooyoorrywwwobbrrw
2686,B1 R0 D0 B2 ,bbbwwbwwbooorryrryggyggwrrwyygyygrrgrooyooyggwwwobbobb
2687,R0 D0 B2 ,yyrwwbwwboobrrbrrbggyggwrrwyygyygyyorooroogggwbbwbbwoo
2688,D0 B2 ,yyywwwwwwrrorrobbbggggggrroyywyywyywrooroogggbbbbbbroo
2689,B2 ,yyywwwwwwrrorrorrogggggggggyyyyyywwwroorooroobbbbbbbbb
2690,D1 L0 R0 B2 U2 D1 B1 R1 F1 D0 ,wbrrwbwryowworgggwowgogwyyyboroyyyyobybwobbgogrrrbggbr
2691,L0 R0 B2 U2 D1 B1 R1 F1 D0 ,wbrrwbwryowworggbrowgogwggwryooyyboybybwobyyygrrrbgbgo
2692,R0 B2 U2 D1 B1 R1 F1 D0 ,obrgwbrryowworggbrwwgrgwwgwoyooyygoyywbyoyybbgrbrbobgr
2693,B2 U2 D1 B1 R1 F1 D0 ,obggwwrrwgoobrwrgwwworgywgyoyboyrgogywbyoyybbyrbbborgr
2694,U2 D1 B1 R1 F1 D0 ,goggwwrrwgoybryrgywworgywgyoyboyrgbowwbwoyobbrgrobbbry
2695,D1 B1 R1 F1 D0 ,wrrwwggogwwbbryrgyrgrrgywgyoyboyrgbogoywoyobbwwoobbbry
2696,B1 R1 F1 D0 ,wrrwwggogwwbbrybryrgrrgyrgybroyybooggoywoywgywwoobbobb
2697,R1 F1 D0 ,wwgwwggogwwwbrrbrrrgrrgyrgybroyybyybooyooyggyobbwbbwoo
2698,F1 D0 ,wwwwwwgoowrrwrrwbbrggrggrggbrryyyyyyooyooyggybbbbbbooo
2699,D0 ,wwwwwwwwwrrrrrrbbbggggggrrryyyyyyyyyoooooogggbbbbbbooo
2700,L2 U0 R2 B0 D2 F2 L2 U2 R2 L2 ,wyowwyowwbgbwroworgorbggrbbyyooyyoryrryrowgbgyrggbbbgw
2701,U0 R2 B0 D2 F2 L2 U2 R2 L2 ,yyoowyowwbgbwroworworbgggbbwyowyyorygbgworyrryrrgbbbgg
2702,R2 B0 D2 F2 L2 U2 R2 L2 ,ooywwywyoyrrwroworbgbbgggbbwyowyyoryworworyrrgbggbbbgg
2703,B0 D2 F2 L2 U2 R2 L2 ,ooowwywyyroworwrrybgbbgggbgwyywyyoroworworyrrbbggbbbgg
2704,D2 F2 L2 U2 R2 L2 ,wwywwywyyrooorrrrobgbbgggbgwyywyywwyooroororrbgbgbbgbg
2705,F2 L2 U2 R2 L2 ,wwywwywyyrooorrorrbgbbgggbgywwyywyywooroorrrobgbgbbgbg
2706,L2 U2 R2 L2 ,wwywwywwyooorrrrrrgbgggbbgbyywyywyywoooooorrrbgbgbbgbg
2707,U2 R2 L2 ,ywyywyywyooorrrrrrgbgbgbbgbwywwywwywrrroooooobgbgbggbg
2708,R2 L2 ,ywyywyywyrrrrrrrrrbgbbgbbgbwywwywwywooooooooogbggbggbg
2709,L2 ,ywwywwywwrrrrrrrrrbggbggbggwyywyywyyooooooooobbgbbgbbg
2710,F1 L1 U0 D2 R0 B1 L2 F0 R0 B2 ,rbybwrwybowryrrwororyggogbroobbywooygybyowyrwgwwgbgbgg
2711,L1 U0 D2 R0 B1 L2 F0 R0 B2 ,rbybwroywbwrorrooryorrgboggbwwbywooygybyoyyrwgwwgbgbgg
2712,U0 D2 R0 B1 L2 F0 R0 B2 ,ybyrwroywbwrorroorborbgbogggwwgywwoybywyorgyygwogbbbgr
2713,D2 R0 B1 L2 F0 R0 B2 ,oryywbwrygwoorroorbwrbgbogggwwgywwoyboryorgyybywgbbbgr
2714,R0 B1 L2 F0 R0 B2 ,oryywbwrygwoorrgyybwrbgbbgryowwygwwgboryoroorbywgbbogg
2715,B1 L2 F0 R0 B2 ,orrywbwrrgogyrwyrobwwbggbggyoowygwwbboryorooryywbbbygg
2716,L2 F0 R0 B2 ,oybywbwrrgooyrryrrbwwbggbggyoowygowgworworborwbgybgyby
2717,F0 R0 B2 ,yybwwborrgooyrryrrywwggggggoooyygwwgrobrowrowwbbybbybb
2718,R0 B2 ,yybwwbwwbooorrrrrrggyggwggwyygyygwwgroorooroowbbybbybb
2719,B2 ,yyywwwwwwrrorrorrogggggggggyyyyyywwwroorooroobbbbbbbbb
2720,F0 B1 D1 R2 F2 U1 B0 D1 U2 F0 ,bwywworrrygbyrogoygggogbwgogyyrywbyowbwwoywborgobbrbrr
2721,B1 D1 R2 F2 U1 B0 D1 U2 F0 ,bwywwooywrgbrroroywoggggobggyyrywbyowbgwoywbyrgobbrbrr
2722,D1 R2 F2 U1 B0 D1 U2 F0 ,wwwwwooywrgbrrwroywoggggobggyyrywyobbbgyoyobyorrgbrrbb
2723,R2 F2 U1 B0 D1 U2 F0 ,wwwwwooywrgbrrwrbbwoggggroyywbyyogrybbgyoyobgorrgbroby
2724,F2 U1 B0 D1 U2 F0 ,wwbwwooyybbrwrrbgrwoogggrooywwyyogrwbbgyoyobgyrrgbrgby
2725,U1 B0 D1 U2 F0 ,wwbwwowwygbryrrggroorgggoowyyoyyogrwbbbyowobbyrrgbrgby
2726,B0 D1 U2 F0 ,boywwwwwwooryrrggrbbbgggoowyyoyyogrwyrryowobbgbrgbrgby
2727,D1 U2 F0 ,rrrwwwwwwoowyrrgggbbbgggoowyyoyyoyyoyrroowbbbgggbbbyrr
2728,U2 F0 ,rrrwwwwwwoowyrryrrbbbggggggoooyyyyyyyrroowoowgggbbbbbb
2729,F0 ,wwwwwwrrryrryrryrrgggggggggoooyyyyyyoowoowoowbbbbbbbbb
2730,U1 D2 B0 U1 F1 D1 R1 U0 B1 F0 ,bwrgwwwwwobgwrrbborrbogobryygooyoyrgrygboyggrygwbbywyo
2731,D2 B0 U1 F1 D1 R1 U0 B1 F0 ,rwwwwwbgwrrbwrrbborygogobryygooyoyrgygwboyggrobgbbywyo
2732,B0 U1 F1 D1 R1 U0 B1 F0 ,rwwwwwbgwrrbwrrggrrygogowyogryoyoogyygwboybboobgbbybry
2733,U1 F1 D1 R1 U0 B1 F0 ,brrwwwbgwrrywrgggorygogowyogryoyoybbwgwwoyrbobborbbyyg
2734,F1 D1 R1 U0 B1 F0 ,rwwrwgbwbrygwrgggowgwogowyogryoyoybbbbowoyrborryrbbyyg
2735,D1 R1 U0 B1 F0 ,rwwrwgrwgyygrrgggowooggywowoyooyoybbbbbwowrbbrryrbbyyg
2736,R1 U0 B1 F0 ,rwwrwgrwgyygrrgyygwooggyggooobyybooybbbwowwowrryrbbrbb
2737,U0 B1 F0 ,rwrrwrrwrgggyryyrywowggggggoooyyyooobbbwowwowyrybbbbbb
2738,B1 F0 ,rrrwwwrrryryyryyrygggggggggoooyyyooowowwowwowbbbbbbbbb
2739,F0 ,wwwwwwrrryrryrryrrgggggggggoooyyyyyyoowoowoowbbbbbbbbb
2740,R0 B1 F0 L0 D1 F2 U2 L2 D0 R0 ,grbwwboorbywgrbgwbbbyrgywyrgowgyoyryyrwwogrooryowbgobg
2741,B1 F0 L0 D1 F2 U2 L2 D0 R0 ,grywwyoorggbwrybbwbbwrgowyygoogywyrryrwwogrooryobbgbbg
2742,F0 L0 D1 F2 U2 L2 D0 R0 ,rwywwyoorgggwrrbbybbwrgowyygoogywwybyrwrogroooggybbrbb
2743,L0 D1 F2 U2 L2 D0 R0 ,rwywwyogwoggorrrbywrbygbyowbwggywwybyrgrooroooggybbrbb
2744,D1 F2 U2 L2 D0 R0 ,bwybwyggwoggorrrbyrrbwgboowwwgyywyybrryooroogogwybgrbb
2745,F2 U2 L2 D0 R0 ,bwybwyggwoggorrrbbrrbwgbrbygwbwyywyyrryooroowogwybgoog
2746,U2 L2 D0 R0 ,bwybwybwgwggrrrybbybrbgwbrrwggwyywyyrrrooooooogwybgoog
2747,L2 D0 R0 ,gwbywbywbrrrrrrybbogwbgwbrrwggwyywyywggooooooybrybgoog
2748,D0 R0 ,wwbwwbwwbrrrrrrybbggwggwrrrgggyyyyyyooooooggwybbybbooo
2749,R0 ,wwbwwbwwbrrrrrrrrrggwggwggwyygyygyygoooooooooybbybbybb
2750,R1 F1 L0 U1 D2 R1 B2 D2 U0 L1 ,owgwwrbowogyrrgrgwrybrgyrgygobbywyyogowooworwrbyybbgbb
2751,F1 L0 U1 D2 R1 B2 D2 U0 L1 ,owgwwyborygwgrgorrrygrgrrgwgobbyyyyygowooworwobywbbbbb
2752,L0 U1 D2 R1 B2 D2 U0 L1 ,owgwwyygobgworggrrgrwyggrrrwwwbyyyyygoroooorbobywbbbbb
2753,U1 D2 R1 B2 D2 U0 L1 ,bwgbwyygobgworggrrorwwggyrrgwwyyyryyoogrooborobywbbbbw
2754,D2 R1 B2 D2 U0 L1 ,gyowwgbbyorworggrroogwggyrrgwwyyyryyobyrooborbgwwbbbbw
2755,R1 B2 D2 U0 L1 ,gyowwgbbyorworgboroogwggbbwyyryyywwgobyroogrrbgwwbbyrr
2756,B2 D2 U0 L1 ,gyywwwbbbwgrrrooobooowggbbyyygyygwwwobyroogrrggwybbrrr
2757,D2 U0 L1 ,wwwwwwbbbwggrrroooooowggbbyyygyygyygbbyooorrrrrrbbywgg
2758,U0 L1 ,wwwwwwbbbwggrrrrrrooowggwgggyygyygyybbyoooooorrrbbybby
2759,L1 ,bwwbwwbwwrrrrrrrrrwggwggwgggyygyygyyooooooooobbybbybby
2760,R0 D0 B0 L0 U0 R0 F0 B0 U2 F2 ,rbgbwybwoygrgryboyrrbygowwoggwrywbbgywwroorgowogrbboyy
2761,D0 B0 L0 U0 R0 F0 B0 U2 F2 ,rbbbwobwobgyorgyyrrrwygwwwgggoryrbbwywwroorgooogybbgyy
2762,B0 L0 U0 R0 F0 B0 U2 F2 ,rbbbwobwobgyorgwwgrrwygwrgobrgbygwroywwroogyyoogybbyyr
2763,L0 U0 R0 F0 B0 U2 F2 ,yggbwobwobgoorrwwwrrwygwrgobrgbygyrgbwwbooryyyyoyborbg
2764,U0 R0 F0 B0 U2 F2 ,gggowoowobgoorrwwwyrwbgwbgorrgyygrrgrbbyowyowyyyybbrbb
2765,R0 F0 B0 U2 F2 ,oogwwgoogyyyorrwwwbgobgwbgorrgyygrrgyrwyowyowrbbybbrbb
2766,F0 B0 U2 F2 ,ooowwwooowoywrywrybggbggbggrrryyyrrryrwyowyowgbbgbbgbb
2767,B0 U2 F2 ,ooowwwwwwooyoryorybbbggggggwwwyyyrrryrryoryorgbbgbbgbb
2768,U2 F2 ,yyywwwwwwoororrorrbbbggggggwwwyyyyyyorrooroorgggbbbbbb
2769,F2 ,wwwwwwyyyorrorrorrgggggggggwwwyyyyyyoorooroorbbbbbbbbb
2770,D0 L2 F1 U2 B2 R2 D1 F2 B1 U0 ,yyyowwwrbobryrwrbwggyggrygwowgyyrwwrrboyoobbgggbrboboo
2771,L2 F1 U2 B2 R2 D1 F2 B1 U0 ,yyyowwwrbobryrwygwggyggrbbgwyowywrrgrboyoobooggbrborbw
2772,F1 U2 B2 R2 D1 F2 B1 U0 ,wyywwwrrbobryrwygwwgyogrbbgyyooywwrgoobooyobrggbrbgrbg
2773,U2 B2 R2 D1 F2 B1 U0 ,wyywwwoyyobryrwygwyrgggbwobbyroywwrgooboorobrggbrbgrbg
2774,B2 R2 D1 F2 B1 U0 ,yyowwwyywoobyrwygwggbggbwobbyroywwrgobroorobryrgrbgrbg
2775,R2 D1 F2 B1 U0 ,grwwwwyywoooyroygoggbggbwobbyroywoyywbrworbbrgbrgbrgry
2776,D1 F2 B1 U0 ,grrwwwyyyogyoryoooggggggwogbywoywoywwbrworbbrbbrbbrbry
2777,F2 B1 U0 ,grrwwwyyyogyorybryggggggooowwwyyyboowbrworwogbbrbbrbbr
2778,B1 U0 ,grrwwwwwwggyrryrryoooggggggyyyyyyboowbbwoowoobbrbbrbbr
2779,U0 ,wwwwwwwwwgggrrrrrroooggggggyyyyyyyyybbboooooorrrbbbbbb
2780,U1 F2 B2 U1 D2 L2 F0 U2 L0 R1 ,orgywobwoyyyorwyrwrgbggwoobggrbygrbbwbwroywryrygbbwoog
2781,F2 B2 U1 D2 L2 F0 U2 L0 R1 ,goorwwoybrgborwyrwwbwggwoobggrbygrbbrygroywryyyybbwoog
2782,B2 U1 D2 L2 F0 U2 L0 R1 ,goorwwrggygbyrwgrwboowggwbwbyobygrbbryyroowrryyybbwoog
2783,U1 D2 L2 F0 U2 L0 R1 ,bbrrwwrggygwyrrgrrboowggwbwbyobygoogwyywoobrrgoowbbyyy
2784,D2 L2 F0 U2 L0 R1 ,rwgbwgbrrbooyrrgrrwyywggwbwbyobygooggoowoobrrygwwbbyyy
2785,L2 F0 U2 L0 R1 ,rwgbwgbrrbooyrrbrrwyywggyyygoogyboybgoowoogrrygwwbbwbw
2786,F0 U2 L0 R1 ,gwggwgorrbooyrrbrrwyybggwyyroobybbybrrgoowoogygywbwwbw
2787,U2 L0 R1 ,gwggwggwgooorrrrrrwbwygyygybybbybbybrrrooooooygywbwwbw
2788,L0 R1 ,gwggwggwgrrrrrrrrrygyygyygybybbybbybooooooooowbwwbwwbw
2789,R1 ,wwgwwgwwgrrrrrrrrrggyggyggyyybyybyybooooooooowbbwbbwbb
2790,U1 F2 R1 D2 U1 B2 D0 R1 L0 U2 ,rwgwwgbyyboooroyrrrroygybrrwggyywgbwbgwoogwboybybbwgro
2791,F2 R1 D2 U1 B2 D0 R1 L0 U2 ,ggywwyrwbrrooroyrrbgwygybrrwggyywgbwybyoogwboboobbwgro
2792,R1 D2 U1 B2 D0 R1 L0 U2 ,ggywwyggworogroyrrrrbygywgbbwryywgbwybyooowbrboobbwgro
2793,D2 U1 B2 D0 R1 L0 U2 ,gggwwbggboorrrrogyrryygywgwbwbyyygbbybyooowbrwoowbwrro
2794,U1 B2 D0 R1 L0 U2 ,gggwwbggboorrrrwbrrryygyrrobbgyyybwbybyoooogywoowbwwgw
2795,B2 D0 R1 L0 U2 ,gbbgwggwgrryrrrwbrybyygyrrobbgyyybwbwoooooogyoorwbwwgw
2796,D0 R1 L0 U2 ,bwbgwggwgrrorrowbwybyygyrrobbgyyybbgroorooygywgwwbwroo
2797,R1 L0 U2 ,bwbgwggwgrrorrorroybyygyygybybbybgygroorooroowgwwbwwbw
2798,L0 U2 ,bwwgwwgwwooorrrrrrybbyggyggbyybyygyyrooroorooggwbbwbbw
2799,U2 ,wwwwwwwwwooorrrrrrbbbggggggyyyyyyyyyrrroooooogggbbbbbb
2800,F0 D2 L1 R0 D0 L2 B0 R2 L0 U0 ,rboywrorrgwygrgyywbywogobbroogbybbwowowgowrrygwbrbyggy
2801,D2 L1 R0 D0 L2 B0 R2 L0 U0 ,rboywrywwowyrrgrywbobbgyrowyggbybbwowoogoorrggwbrbyggy
2802,L1 R0 D0 L2 B0 R2 L0 U0 ,rboywrywwowyrrgrrgbobbgyggyowbbybggywoogoorywgwbrbyrow
2803,R0 D0 L2 B0 R2 L0 U0 ,bbobwrgwwowyrrgrrgoobbgyggywwbyybbgyoowooywgrgwyrbyror
2804,D0 L2 B0 R2 L0 U0 ,bbbbwygwyrrorrwggyoobbgbggywwryyrbggoowooywgrwwyrbyoor
2805,L2 B0 R2 L0 U0 ,bbbbwygwyrrorrwggyoobbgbwgrbywgywgrroowooyoorwwyrbyggy
2806,B0 R2 L0 U0 ,bbbgwygwyrrorrwggyyobygbygrbywbywgrrrooyoowoowwwrbbggo
2807,R2 L0 U0 ,owygwygwyrrrrrrgggyobygbygrbywbywrywboobooboogrwgbwobw
2808,L0 U0 ,owwgwwgwwgggrrrrrryooyggyggbyybyyryyboobooboorrwbbwbbw
2809,U0 ,wwwwwwwwwgggrrrrrroooggggggyyyyyyyyybbboooooorrrbbbbbb
2810,F1 U0 D1 R0 L1 D0 B2 F1 L1 B2 ,oyywworrrywgbrbbrrgbgygogwoorwgyyrgyybwgogbowoobybrbww
2811,U0 D1 R0 L1 D0 B2 F1 L1 B2 ,oyywwoybbwwgrrborrgoobgwgygwgwgyyrgyybrgorboroobybrbww
2812,D1 R0 L1 D0 B2 F1 L1 B2 ,ywobwyboyoobrrborrwwgbgwgygwgwgyyrgygoogorborybrybrbww
2813,R0 L1 D0 B2 F1 L1 B2 ,ywobwyboyoobrrbbwwwwgbgworrwyygygwgrgoogorgygybrybrbor
2814,L1 D0 B2 F1 L1 B2 ,ywgbwwborbrowrowbbwwybggorrwybgyywgygoogorgygybrybroor
2815,D0 B2 F1 L1 B2 ,wwgbwwoorbrowrowbbwwygggwrrrybryyrgyorgooygggybbybbooy
2816,B2 F1 L1 B2 ,wwgbwwoorbrowrowrrwwyggggggrrrgyyyyborgooyooyybbybbwbb
2817,F1 L1 B2 ,byybwwoorbrowrowrowwyggggggrrrgyygwwrrgooyooybbwbbybby
2818,L1 B2 ,byybwwbwwrrorrorroyggwggwgggyygyygwwrrroooooobbwbbybby
2819,B2 ,yyywwwwwwrrorrorrogggggggggyyyyyywwwroorooroobbbbbbbbb
2820,L2 R1 D2 B0 F0 L2 R0 U1 B1 F0 ,ywrgwggbogoygryowowrybgryywgrbyyobwgbyrwooworbgobbrwbr
2821,R1 D2 B0 F0 L2 R0 U1 B1 F0 ,gwrywgbbogoygryoworryrgroywyrbgyogwgrowoowrybbgybbbwbw
2822,D2 B0 F0 L2 R0 U1 B1 F0 ,gwwywbbbbyyoorwggorrrrggoyoyrygyrgwwrowoowrybggyobbbbw
2823,B0 F0 L2 R0 U1 B1 F0 ,gwwywbbbbyyoorwrybrrrrggbbwwwgrygyryrowoowggoggyobboyo
2824,F0 L2 R0 U1 B1 F0 ,owbywbbbbyyyorrryyrrrrggbbwwwgrygrogwowwowggooogybgoby
2825,L2 R0 U1 B1 F0 ,owbywbowwbyybrrbyybrrbgrwgrroyrygrogwowwowgggoogybgoby
2826,R0 U1 B1 F0 ,rwbrwbrwwbyybrrbyyyrrggrggrooyyygooggggwowwowoowybbobb
2827,U1 B1 F0 ,rwrrwrrwrbbbyryyryyryggggggoooyyyooogggwowwowwowbbbbbb
2828,B1 F0 ,rrrwwwrrryryyryyrygggggggggoooyyyooowowwowwowbbbbbbbbb
2829,F0 ,wwwwwwrrryrryrryrrgggggggggoooyyyyyyoowoowoowbbbbbbbbb
2830,U1 F1 D1 L0 F0 B0 U1 R1 D2 U0 ,rrgrwobwobbworwogborwygyrbygyggyorbryyyoogbwwoggbbwyrw
2831,F1 D1 L0 F0 B0 U1 R1 D2 U0 ,goorwwrrborworwogbyyyygyrbygyggyorbroggoogbwwbbwbbwyrw
2832,D1 L0 F0 B0 U1 R1 D2 U0 ,goorwwooogrwyrwggbyyyygbyyrggwgyorbrogboorbwrbbwbbwyrw
2833,L0 F0 B0 U1 R1 D2 U0 ,goorwwooogrwyrwyrwyyyygbggbworgybggrogbooryyrbbwbbwbwr
2834,F0 B0 U1 R1 D2 U0 ,roowwwwoogrwyrwyrwgyyrgbogbyoryybggryooyogrrbbbgbbgbww
2835,B0 U1 R1 D2 U0 ,roowwwbgowrworworworgggybbyyygyybggryoyyoorrrbbgbbgbww
2836,U1 R1 D2 U0 ,wwwwwwbgowrrorgorgorgggybbyyygyybyyrooyooorrrbbbwbbwgg
2837,R1 D2 U0 ,wwowwgwwborgorgorgooyggybbyyygyybyyrbbbooorrrwrrwbbwgg
2838,D2 U0 ,wwwwwwwwwgggrrroooooogggbbbyyyyyyyyybbbooorrrrrrbbbggg
2839,U0 ,wwwwwwwwwgggrrrrrroooggggggyyyyyyyyybbboooooorrrbbbbbb
2840,R1 L0 D0 F2 R1 L0 F1 D2 R2 U0 ,ywwywwyrrygggrwwrwbbgogybrrygbwyygbboooyogwbrrrgobbooo
2841,L0 D0 F2 R1 L0 F1 D2 R2 U0 ,ywoywoyrrgwwgrrygwbbwogwbrryggwyygbroooyogwbrbrgybbboo
2842,D0 F2 R1 L0 F1 D2 R2 U0 ,owobwogrrgwwgrrygwybwygwyrrbggoyybbrwyoboorgobrgybwboy
2843,F2 R1 L0 F1 D2 R2 U0 ,owobwogrrgwwgrryrrybwygwrgobobbygrygwyobooboybrgybwygw
2844,R1 L0 F1 D2 R2 U0 ,owobwobobywworrorrogrwgywbyrrgbygrygwyybogbogbrgybwygw
2845,L0 F1 D2 R2 U0 ,owybwybobwrrwrryooogowgowbbrrrbyyryywyybogboggrggbwggw
2846,F1 D2 R2 U0 ,wwywwygobwrrwrryooogobgobbborrwyywyybbwooyggygrrgbbggr
2847,D2 R2 U0 ,wwywwywwyrrrrrrooooobggbobbwyywyywyybbboooggggrrgbbggr
2848,R2 U0 ,wwywwywwyrrrrrrgggoobggbggryywyywyywbbboooooogrrgbbobb
2849,U0 ,wwwwwwwwwgggrrrrrroooggggggyyyyyyyyybbboooooorrrbbbbbb
2850,U0 F2 L2 U2 F0 B1 U1 R1 D0 U1 ,wwbbwoyygrgywrywryrgyrgggwgobrwybbogbybgoyooworrobrobw
2851,F2 L2 U2 F0 B1 U1 R1 D0 U1 ,ybwywwgoborrwrywryrgyrgggwgobrwybbogrgygoyoowbybobrobw
2852,L2 U2 F0 B1 U1 R1 D0 U1 ,ybwywwrbowrryryyrygwgggrygrbogwybbogrgwgowooobybobrobw
2853,U2 F0 B1 U1 R1 D0 U1 ,bbwwwwbbowrryryyrywwgrgrbgryogyybrogooowogwgrbyyobgobg
2854,F0 B1 U1 R1 D0 U1 ,obbwwwwbboooyryyrybyyrgrbgryogyybrogwrrwogwgrwwgobgobg
2855,B1 U1 R1 D0 U1 ,obbwwwrgrwoobrybrybrbggyrryyyoyybrogwrywoowggwwgobgobg
2856,U1 R1 D0 U1 ,wwwwwwrgrwoobrbbrbbrbggyrryyyoyybyyorryoooggggggwbbwoo
2857,R1 D0 U1 ,wwrwwgwwrbrbbrbbrbrryggyrryyyoyybyyogggooogggwoowbbwoo
2858,D0 U1 ,wwwwwwwwwbbbrrrbbbrrrgggrrryyyyyyyyygggooogggooobbbooo
2859,U1 ,wwwwwwwwwbbbrrrrrrrrrggggggyyyyyyyyygggooooooooobbbbbb
2860,R2 L1 D0 B2 L2 F2 R1 D0 L2 B1 ,owywwrrygwbobrwgrgbrrygorywwbogygwyygrygogbobboybbwroo
2861,L1 D0 B2 L2 F2 R1 D0 L2 B1 ,owowwgryygrgwrbobwbrrygbrybwbygyrwyggrygogbobwoyobwroo
2862,D0 B2 L2 F2 R1 D0 L2 B1 ,bwoywgryygrgwrbobwwrrggbwybobywyryygygbrooggbworobwroo
2863,B2 L2 F2 R1 D0 L2 B1 ,bwoywgryygrgwrbwybwrrggbggbywoyybgryygbroorooworobwobw
2864,L2 F2 R1 D0 L2 B1 ,yrgywgryygrrwrrwyywrrggbggbywoyybowbbgbboogoowbowborow
2865,F2 R1 D0 L2 B1 ,yrgywgoyygrrwrrwyywrrogbogbywoyybrwboogoobbgbwbgwbgrow
2866,R1 D0 L2 B1 ,yrgywgowybrrbrrgyybgobgorrwyyoyybrwboowoowbggwbgwbgrow
2867,D0 L2 B1 ,yrrywwowwrryrrybbgbggbggrryyyoyyorwwoowoowbggbbgbbgoow
2868,L2 B1 ,yrrywwowwrryrryrrybggbggbggryywyywoooowoowoowbbgbbgbbg
2869,B1 ,rrrwwwwwwrryrryrrygggggggggyyyyyyooowoowoowoobbbbbbbbb
2870,L0 R2 F0 B0 R1 U1 L0 F2 B2 R1 ,worrwborboowyrwyobgbywgrbyryogbygbboggygorwwrgwogbywyr
2871,R2 F0 B0 R1 U1 L0 F2 B2 R1 ,rorywborboowyrwyobwbyrgroyrgogwygbbowggwogrrygwbgbbwyy
2872,F0 B0 R1 U1 L0 F2 B2 R1 ,rogywgoroboywrywoowbwrggoyggorwybbbbwggwogrryrwbrbbyyy
2873,B0 R1 U1 L0 F2 B2 R1 ,rogywgyggooyrryoooorwygbggwwwbwybbbbwggwoorrrrwbrbbyyy
2874,R1 U1 L0 F2 B2 R1 ,yyoywgyggoobrrbooborwygbggwwwbwybwwrgggooorrryrrybwybb
2875,U1 L0 F2 B2 R1 ,yyyywyygybbboroorooroygggggwwwwybwwwgggooorrrrrrbbwbbb
2876,L0 F2 B2 R1 ,yyyywgyyyorooroorogggygggggwwwwybwwwrrrooorrrbbbbbwbbb
2877,F2 B2 R1 ,byywwgbyyoroorooroyggyggygggwwyybgwwrorrorrorbbwbbwbbw
2878,B2 R1 ,byywwgwwgrrorrorroggyggyggyyybyybgwwroorooroobbwbbwbbw
2879,R1 ,wwgwwgwwgrrrrrrrrrggyggyggyyybyybyybooooooooowbbwbbwbb
2880,B1 L1 U1 F0 R2 L1 D2 R0 F1 B2 ,grogwyrywbbbwrrgoyyorrgbowoboygybwybowgboygowywwgbrrgr
2881,L1 U1 F0 R2 L1 D2 R0 F1 B2 ,gbogwyrywbbgwrrgooyorrgbowoboygybyrbwwgyoybowwrrwbgygr
2882,U1 F0 R2 L1 D2 R0 F1 B2 ,yborwyoywbbgwrrgooborggbyworoygybrrbgywwoowybwrrwbgygg
2883,F0 R2 L1 D2 R0 F1 B2 ,oywbwyyroborwrrgoogywggbyworoygybrrbwrrwoowybbbgwbgygg
2884,R2 L1 D2 R0 F1 B2 ,oywbwyboryorrrroooyggwgyobwgwbgybrrbwrrwoowyybbgwbgygg
2885,L1 D2 R0 F1 B2 ,oybbwbbobooorrrroyygywgwobbgwwgyyrrrwrrwoowyywbgybgggg
2886,D2 R0 F1 B2 ,yybwwboobooorrrroyggyggwrbbgwwgyygrrroyroywwwwbbybbggo
2887,R0 F1 B2 ,yybwwboobooorrrwwwggyggwggorrgyygwwgroyroyroywbbybbrbb
2888,F1 B2 ,yyywwwooowrowrowrogggggggggrrryyywwwroyroyroybbbbbbbbb
2889,B2 ,yyywwwwwwrrorrorrogggggggggyyyyyywwwroorooroobbbbbbbbb
2890,F2 D0 L1 B0 F1 D0 U2 B0 F1 R1 ,bywowwyryboorrorbwowobggbgywybwywgrgrygyooygogbwgbrrbr
2891,D0 L1 B0 F1 D0 U2 B0 F1 R1 ,bywowwbywoooorogbwygbggbowoyrywywgrgryryorygbgbwgbrrbr
2892,L1 B0 F1 D0 U2 B0 F1 R1 ,bywowwbywooooroowoygbggbygbgwyryrgwyryryorrbrgbwgbrgbw
2893,B0 F1 D0 U2 B0 F1 R1 ,yywgwwyywooooroowoggbrgbggbwwyryrwwyrrryobryrgbbgbogbb
2894,F1 D0 U2 B0 F1 R1 ,ooogwwyywooyorwowwggbrgbggbwwyryrryrwrryobyyrgggbbbbob
2895,D0 U2 B0 F1 R1 ,ooogwwoooyoywrwwwwbbbggggrgrbrryrryrwrwyoyyyygggbbbbob
2896,U2 B0 F1 R1 ,ooogwwoooyoywrwgrgbbbgggyyyrrryybrrrwrwyoybobgggbbbwww
2897,B0 F1 R1 ,ooowwgooowrwwrwgrgggggggyyyrrryybrrryoyyoybobbbbbbbwww
2898,F1 R1 ,wwgwwgooowrrwrrgrrggggggyyyrrryybyybooyooyoobwbbwbbwbb
2899,R1 ,wwgwwgwwgrrrrrrrrrggyggyggyyybyybyybooooooooowbbwbbwbb
2900,R1 D1 U0 R2 B2 L0 D2 R2 U2 L0 ,bboywwbyogrgbrbwrwooyggyrogywrwybyyrwgyroobggwoowbgbrr
2901,D1 U0 R2 B2 L0 D2 R2 U2 L0 ,bbbywwbywgbwrrrgbwoooggwrooywywyyyygwgyroobggroobbgrrr
2902,U0 R2 B2 L0 D2 R2 U2 L0 ,bbbywwbywgbwrrrrrroooggwgbwyygwyyywywgyroorooroobbgbgg
2903,R2 B2 L0 D2 R2 U2 L0 ,bybywbwwbroorrrrrrgbwggwgbwyygwyyywyooorooroowgybbgbgg
2904,B2 L0 D2 R2 U2 L0 ,bygywywwyrrrrrroorgbbggbgbwyybwybywbooorooroowgywbgwgg
2905,L0 D2 R2 U2 L0 ,bwyywywwyrrrrrrooogbbggbgbwyybwybgybrooroorooggwgbwygw
2906,D2 R2 U2 L0 ,wwywwywwyrrrrrrooobbbygbwbwgybgybgybrrrooooooggggbwygy
2907,R2 U2 L0 ,wwywwywwyrrrrrrooobbbygbygybygbygbygrrrooooooggggbwwbw
2908,U2 L0 ,wwgwwgwwgooorrrrrrbbwyggyggbyybyybyyrrrooooooyggbbwbbw
2909,L0 ,gwwgwwgwwrrrrrrrrryggyggyggbyybyybyyooooooooobbwbbwbbw
2910,D1 F0 U2 L1 R1 B2 U0 R0 L1 B0 ,wbywwyorrwrryrgbobbgbbggooywwobybyyrrrwoorgwggygwbgyoo
2911,F0 U2 L1 R1 B2 U0 R0 L1 B0 ,wbywwyorrwrryrgyoobgbbggbobobrwyywbyrrwoorooygygwbggwg
2912,U2 L1 R1 B2 U0 R0 L1 B0 ,wbywwyyrworrrrgroobbboggbgbyywwyywbyrroooboorgygwbggwg
2913,L1 R1 B2 U0 R0 L1 B0 ,wryywwybwrrorrgroogygoggbgbyywwyywbyorrooboorbbbwbggwg
2914,R1 B2 U0 R0 L1 B0 ,gryowwbbwrrorrgrooyygwggwgbgywgyybbyrbrrooooobbywbygww
2915,B2 U0 R0 L1 B0 ,grgowwbbbogorrorrryyywgwwgwgyggygbbbrbrroooooybyybywww
2916,U0 R0 L1 B0 ,bbbowwbbbogorrrrrryyywgwwgwgyggyggrgrbroooooowwwybyyby
2917,R0 L1 B0 ,bobbwbbwbwwwrrrrrrogowgwwgwgyggyggrgyyyoooooorbrybyyby
2918,L1 B0 ,boobwwbwwrrwrrwrrwoggwggwgggyygyygrryyyoooooobbrbbybby
2919,B0 ,ooowwwwwwrrwrrwrrwgggggggggyyyyyyrrryooyooyoobbbbbbbbb
2920,L2 D0 F0 R1 B1 F2 U1 D0 R0 L2 ,yrrrwbybwoowbrbggogybogrowwgoowyowybrwrgoyrgygybwbrygb
2921,D0 F0 R1 B1 F2 U1 D0 R0 L2 ,grrwwbwbwoowbrbggobybrgrbwwyooryoyybygryogrwrgyowboygg
2922,F0 R1 B1 F2 U1 D0 R0 L2 ,grrwwbwbwoowbrbbwwbybrgrrwryryyyobooygryogygggyowboggo
2923,R1 B1 F2 U1 D0 R0 L2 ,grrwwbggrwowbrbwwwrrbwgyrrbbboyyobooygyyorygygyowboggo
2924,B1 F2 U1 D0 R0 L2 ,grgwwwgggwbworwwbwrrrwgbrrrbbbyyybobygyyorygyoyooboogo
2925,F2 U1 D0 R0 L2 ,yyywwwgggwbgorrwbgrrrwgbrrrbbbyyywwwbgyoorbgyoooybgooo
2926,U1 D0 R0 L2 ,yyywwwbbbybgrrrybgrrrbgwrrrgggyyywwwbgwooobgwoooybgooo
2927,D0 R0 L2 ,ywbywbywbrrrrrrybgbgwbgwrrrgggyyywwwoooooobgwybgybgooo
2928,R0 L2 ,ywbywbywbrrrrrrrrrbgwbgwbgwwygwygwygoooooooooybgybgybg
2929,L2 ,ywwywwywwrrrrrrrrrbggbggbggwyywyywyyooooooooobbgbbgbbg
2930,R0 L2 D1 B1 F2 U0 D2 R1 F1 B0 ,orbywgwrgrrygrowyybbywgowwbrbooygrygwbrrogybgowgwbyoob
2931,L2 D1 B1 F2 U0 D2 R1 F1 B0 ,oryywowrbwgryrryoybbowggwwgrbooywryowbrrogybggwggbybob
2932,D1 B1 F2 U0 D2 R1 F1 B0 ,rryoworrbwgryrryoybboygggwgoboyywwyogbygorrbwgwwgbwbob
2933,B1 F2 U0 D2 R1 F1 B0 ,rryoworrbwgryrrbobbboyggyoyowobyyoywgbygorgwggwwgbwrbw
2934,F2 U0 D2 R1 F1 B0 ,gggoworrbwgryrrboybboyggyoyowobyybrrobyyorwwgwwwwbbggr
2935,U0 D2 R1 F1 B0 ,gggowoowoggrrrryoyyoyggyobbbrrbyybrrobbyoywwwwwwwbbggr
2936,D2 R1 F1 B0 ,oogwwgoogwwwrrryoyggrggyobbbrrbyybrryoyyoywwwobbwbbggr
2937,R1 F1 B0 ,oogwwgoogwwwrrrwwwggrggyggrrrbyybrrbyoyyoyyoyobbwbbobb
2938,F1 B0 ,ooowwwooowrwwrwwrwgggggggggrrryyyrrryoyyoyyoybbbbbbbbb
2939,B0 ,ooowwwwwwrrwrrwrrwgggggggggyyyyyyrrryooyooyoobbbbbbbbb
2940,U1 F0 D0 R1 L2 D1 R2 F0 U1 L2 ,rywbwyobbyoogrrgbrbrrggyygogoywywywbgowworoorgbwybrwgb
2941,F0 D0 R1 L2 D1 R2 F0 U1 L2 ,wybywbrbobrrgrrgbrgowggyygogoywywywbgbwworooryooybrwgb
2942,D0 R1 L2 D1 R2 F0 U1 L2 ,wybywbrrwrrrbrrobryggggooywggbwywywbgbgwooooyyooybrwgb
2943,R1 L2 D1 R2 F0 U1 L2 ,wybywbrrwrrrbrroywyggggoooyywgwygbwbgbgwoowgbyooybrobr
2944,L2 D1 R2 F0 U1 L2 ,wyoywyrryrrwrryrboygbggboowywgwyobwygbgwoowgbboogbrgbr
2945,D1 R2 F0 U1 L2 ,yyowwybryrrwrryrborgbrgboowwwgyyorwybgwoowgbgboogbggby
2946,R2 F0 U1 L2 ,yyowwybryrrwrrygbyrgbrgbrbogoywywwyrbgwoowoowboogbggbg
2947,F0 U1 L2 ,yyywwwbrrybgyrrwrrrggrggrbbgoowyywyybgwoowoowooobbgbbg
2948,U1 L2 ,yyywwwwwwbbgrrrrrrrrrbggbggwyywyywyybggooooooooobbgbbg
2949,L2 ,ywwywwywwrrrrrrrrrbggbggbggwyywyywyyooooooooobbgbbgbbg
2950,D0 F0 B1 R0 D1 F1 B2 R0 F0 D2 ,wwowwbrrrgobyrboyrybwggrgrwygboyoowybogyowggoyrrybgbbw
2951,F0 B1 R0 D1 F1 B2 R0 F0 D2 ,wwowwbrrrgobyrbgrwybwggrggoooywygyobbogyowbbwyrrybgoyr
2952,B1 R0 D1 F1 B2 R0 F0 D2 ,wwowwbwwgrobrrbrrwggyggborwgygwygyobbooyoobbyyrrybgoyr
2953,R0 D1 F1 B2 R0 F0 D2 ,bybwwbwwgrowrrwrroggyggborwgygwygwbbyooooobbyrgrrbyyyo
2954,D1 F1 B2 R0 F0 D2 ,byywwbwwwrrrrroowwggggggorbgyywyrwbryooooobbyggrbbybyo
2955,F1 B2 R0 F0 D2 ,byywwbwwwrrrrrobyoggggggowwyrryybgwwyoooooorbggrbbybby
2956,B2 R0 F0 D2 ,byywwbrrbrrrrroyyoggwggwggooobyybgwwyowooworwggrbbybby
2957,R0 F0 D2 ,wwgwwbrrbrrorroyyyggwggwggooobyybyyboowoowrrwybbybbrgg
2958,F0 D2 ,wwwwwwrroyrryrryooggbggbggbooryyyyyyoowoowrrwbbbbbbggg
2959,D2 ,wwwwwwwwwrrrrrroooggggggbbbyyyyyyyyyoooooorrrbbbbbbggg
2960,U2 R2 L0 B2 D1 F0 B2 L0 F0 U0 ,yygowgwygrrrrroggoorywgbrowwbowywbyyrybworybbwgbgbogbo
2961,R2 L0 B2 D1 F0 B2 L0 F0 U0 ,gywgwogyyrybrroggowgbwgbrowwbowywbyyrrrworybborygbogbo
2962,L0 B2 D1 F0 B2 L0 F0 U0 ,gyogwwgyyoggorrbyrwggwggroowbwwyobyyrrrworybbwrybbobbo
2963,B2 D1 F0 B2 L0 F0 U0 ,oyoowwyyyoggorrbyrgggggggoowbwwyoryyywrborbrrwrbbbwbbw
2964,D1 F0 B2 L0 F0 U0 ,yyrowwyyyogborbbyygggggggoowbwwyooyorwrrorgrrwbbwbbbrw
2965,F0 B2 L0 F0 U0 ,yyrowwyyyogborbbrwggggggbyywoobyywworwrrorgoowbbwbbgrr
2966,B2 L0 F0 U0 ,yyrowworrygbyrbyrwbggyggyggboobyywworwwroogoowbbwbbgrr
2967,L0 F0 U0 ,owwowworryggyrryrrbggyggyggboobyyryywwwbooboorrgbbwbbw
2968,F0 U0 ,wwwwwwgrryggyrryrroggoggoggbooyyyyyybbwoowoowrrrbbbbbb
2969,U0 ,wwwwwwwwwgggrrrrrroooggggggyyyyyyyyybbboooooorrrbbbbbb
2970,F0 D2 B0 U1 D1 R0 U0 F2 L0 D2 ,boogwwyboyrgorwrgwoybrgyygbgrwwyywbbyogyobggrwwrbbroor
2971,D2 B0 U1 D1 R0 U0 F2 L0 D2 ,boogwwrbgyrgbrwogwyroggybybroywyywbbyogyorggwwwrbbroor
2972,B0 U1 D1 R0 U0 F2 L0 D2 ,boogwwrbgyrgbrwggwyroggyoorbbwyywyoryogyorogwwwrbbrbyb
2973,U1 D1 R0 U0 F2 L0 D2 ,gwwgwwrbgyrrbroggyyroggyoorbbwyywyyooogoorbgwbbwybwbrr
2974,D1 R0 U0 F2 L0 D2 ,wwgwwbggryrobroggyoogggyoorbbwyywyyobbwoorbgwyrrybwbrr
2975,R0 U0 F2 L0 D2 ,wwgwwbggryrobrobrroogggyggywwobyybyybbwoorooryrrybwbgw
2976,U0 F2 L0 D2 ,wwgwwyggybbyrrrroooooggyggywwbbyybyybbwooroorrrrbbwggw
2977,F2 L0 D2 ,gwwgwwyygrrrrrrroobbyggyggywwbbyybyyoooooroorbbwbbwggw
2978,L0 D2 ,gwwgwwbwwrrrrrroooyggyggybbgyybyybyyoorooroorbbwbbwggw
2979,D2 ,wwwwwwwwwrrrrrroooggggggbbbyyyyyyyyyoooooorrrbbbbbbggg
2980,B1 L1 D0 F2 B2 U1 D2 F1 R1 L1 ,goowwwyybrbbyrbgowrbwogggowygogybrrbrrbrowwwoyyyrbyogg
2981,L1 D0 F2 B2 U1 D2 F1 R1 L1 ,wrrwwwyybrbgyrogoorbwogggowygogybwbbrrbrowbwoyygybgyro
2982,D0 F2 B2 U1 D2 F1 R1 L1 ,rrrowwgybrbgyrogooybwgggwowogogybgbbbworowrrbyyyybwyrw
2983,F2 B2 U1 D2 F1 R1 L1 ,rrrowwgybrbgyrowowybwgggrrbggobygbbobworowyrwyyyybwgoo
2984,B2 U1 D2 F1 R1 L1 ,rrrowwoggwbgwrooowbrrgggwbybygbygbbobwwroyyrryyyybwgoo
2985,U1 D2 F1 R1 L1 ,obbowwoggwbywrroobbrrgggwbybygbygrrrwwwooygrroogwbyyyy
2986,D2 F1 R1 L1 ,bwgbwgooobrrwrroobwwwgggwbybygbygrrroogooygrrwbywbyyyy
2987,F1 R1 L1 ,bwgbwgooobrrwrrgrrwwwgggyyyrrrgybgyboogooyoobwbywbywby
2988,R1 L1 ,bwgbwgbwgrrrrrrrrrwgywgywgygybgybgybooooooooowbywbywby
2989,L1 ,bwwbwwbwwrrrrrrrrrwggwggwgggyygyygyyooooooooobbybbybby
2990,L2 R0 F1 U0 R1 B1 D2 L2 F0 D2 ,rboywwwowrrwgroryygbgbgrywbbowryrowrbooyowybobyygbgggg
2991,R0 F1 U0 R1 B1 D2 L2 F0 D2 ,bborwwoowrrwgroryygbgggrywbrowyyrwwrobywoyoobbyygbbggg
2992,F1 U0 R1 B1 D2 L2 F0 D2 ,bbgrwroobrgryrryowgbwggrywrrogyygwwbobywoyoobwyywbbogg
2993,U0 R1 B1 D2 L2 F0 D2 ,bbgrwrryyggrorrrowwrrbgwggyyybyygwwbobbwooooowyywbbogg
2994,R1 B1 D2 L2 F0 D2 ,rrbywbyrgwyyorrrowggrbgwggyyybyygwwbwrrwoooooobbwbbogg
2995,B1 D2 L2 F0 D2 ,rroywwyroyrwyroworggbbgbgggyyryywwwywrrwooooobbbgbbbgg
2996,D2 L2 F0 D2 ,owwywwyroyrryrrwooggbbgbgggyyryywrowwrrwooyoobbgbbgbgb
2997,L2 F0 D2 ,owwywwyroyrryrryooggbbgbbgbworwyyryywrrwoowoobbgbbgggg
2998,F0 D2 ,wwwwwwrroyrryrryooggbggbggbooryyyyyyoowoowrrwbbbbbbggg
2999,D2 ,wwwwwwwwwrrrrrroooggggggbbbyyyyyyyyyoooooorrrbbbbbbggg
3000,L1 D1 U1 F0 B0 L2 F0 B1 D0 U1 ,bywbwwbwwrrrorroooybgyggygggwwgywgywooroororrbgybbybby
3001,D1 U1 F0 B0 L2 F0 B1 D0 U1 ,yywywwywwrrrorrooogbgggggggywwyywyywrrroorooobgbbbbbbb
3002,U1 F0 B0 L2 F0 B1 D0 U1 ,yywywwywwrrrorrbbbgbggggooowwwwyyyyyrrroorgggbgbbbbooo
3003,F0 B0 L2 F0 B1 D0 U1 ,wwwywwyyygbgorrbbbrrrgggooowwwwyyyyybgboorgggrrrbbbooo
3004,B0 L2 F0 B1 D0 U1 ,wwwywwgrbybgyrrybbogrogrogrbogwyyyyybgwoowggwrrrbbbooo
3005,L2 F0 B1 D0 U1 ,grbywwgrbybyyryybyogrogrogrbogwyybogwgwwowwgwobrobrobr
3006,F0 B1 D0 U1 ,brbwwwbrbybyyryybyrgrrgrrgrgogyyygogwgwwowwgwobooboobo
3007,B1 D0 U1 ,brbwwwwwwbbyrrybbyrrrgggrrryyyyyygogwggwoowggobooboobo
3008,D0 U1 ,wwwwwwwwwbbbrrrbbbrrrgggrrryyyyyyyyygggooogggooobbbooo
3009,U1 ,wwwwwwwwwbbbrrrrrrrrrggggggyyyyyyyyygggooooooooobbbbbb
3010,R1 B1 D1 U2 R2 D2 L2 U0 R1 F2 ,orgwwwwgrwrrbroyygoobbgyrrrbbgwygyrwybbwooggywybyboogo
3011,B1 D1 U2 R2 D2 L2 U0 R1 F2 ,orowwywgwrogrrywbyoogbgwrrrbbbwyyyrrybbwooggywybgboggo
3012,D1 U2 R2 D2 L2 U0 R1 F2 ,gwywwywgwroorrrwbooogbgwrrrbbbwyyyygybbroorgybooybgwgg
3013,U2 R2 D2 L2 U0 R1 F2 ,gwywwywgwroorrrwggoogbgwwbobygbyybwyybbroorrrbooybgrgy
3014,R2 D2 L2 U0 R1 F2 ,wgwywwywgybbrrrwggboobgwwbobygbyybwyrooroorrroogybgrgy
3015,D2 L2 U0 R1 F2 ,wggywyywyggwrrrbbyborbgywbobywbywbwgrooroorrroogwbgogy
3016,L2 U0 R1 F2 ,wggywyywyggwrrrrrrborbgyogygwbwybwybrooroobbyoogwbgwbo
3017,U0 R1 F2 ,gggwwywwyggwrrrrrroorggyggywwbyybyybybbooroorooowbbwbb
3018,R1 F2 ,wwgwwgyygooorrrrrrggwggyggywwbyybyyboorooroorybbwbbwbb
3019,F2 ,wwwwwwyyyorrorrorrgggggggggwwwyyyyyyoorooroorbbbbbbbbb
3020,F0 D2 R1 U1 F1 B1 U1 F1 D2 B2 ,woywwryoobwgrrbyrrbywbgbogbwrrgyygwwbbowoyyygogroboggr
3021,D2 R1 U1 F1 B1 U1 F1 D2 B2 ,woywwrgyoywgorborrobbggybbwyrbgyygwwbbwworyyrogroboggr
3022,R1 U1 F1 B1 U1 F1 D2 B2 ,woywwrgyoywgorbyyrobbggyggrwwgyygbrybbwwororrogrobobbw
3023,U1 F1 B1 U1 F1 D2 B2 ,wobwwogyogbrwryyoyobyggrggowwbyyybrrbbwwororrygrgbogbw
3024,F1 B1 U1 F1 D2 B2 ,booowywwgobywryyoybbwggrggowwbyyybrrygrwororrgbrgbogbw
3025,B1 U1 F1 D2 B2 ,booowyowybbywrywoywrobggbggrrryyybrryggwoworwgbrgbogbw
3026,U1 F1 D2 B2 ,owyowyowybbbwrowoowrobggbggrrryyyyyybggrowrrwrowbbbggg
3027,F1 D2 B2 ,yyywwwooowrowrowoobggbggbggrrryyyyyyrowrowrrwbbbbbbggg
3028,D2 B2 ,yyywwwwwwrrorrorooggggggbbbwwwyyyyyyrooroorrobbbbbbggg
3029,B2 ,yyywwwwwwrrorrorrogggggggggyyyyyywwwroorooroobbbbbbbbb
3030,R0 D0 L0 F1 B0 D1 L0 F1 R2 B2 ,rowrwbroogygrrgbogwyywgyobywoowygwrybbbyobbggrwyrbgrwo
3031,D0 L0 F1 B0 D1 L0 F1 R2 B2 ,royrwyroybrgorygggwyowggobyworwyrwrrbbbyobbggowybbgwwo
3032,L0 F1 B0 D1 L0 F1 R2 B2 ,royrwyroybrgoryobywyowggbggwwwryorrrbbbyobwwoowybbgggg
3033,F1 B0 D1 L0 F1 R2 B2 ,goygwyyoybrgoryobyryorggrggwwwwyobrrwybwobobbowrbbrggw
3034,B0 D1 L0 F1 R2 B2 ,goygwyboowrgwrywbyoggyggrrrbbbwyobrrwyywooobyowrbbrggw
3035,D1 L0 F1 R2 B2 ,gyygwyboowrrwrrwbboggyggrrrbbbwyowwoyyyooogbygbogbwwrr
3036,L0 F1 R2 B2 ,gyygwyboowrrwrrwrroggyggwbbboobywbwwyyyooorrrgbogbwgby
3037,F1 R2 B2 ,yyywwyooowrrwrrwrrggggggbbboooyywwwwroyroyroygbbgbbgbb
3038,R2 B2 ,yyywwywwworrorrorrggbggbggbyyyyywwwwroorooroogbbgbbgbb
3039,B2 ,yyywwwwwwrrorrorrogggggggggyyyyyywwwroorooroobbbbbbbbb
3040,U2 B0 L0 F0 U0 R0 B1 L1 F0 R0 ,grbrwobywgbrorbwyywrogggowryobbygyrrwwooowgwbybrybyggo
3041,B0 L0 F0 U0 R0 B1 L1 F0 R0 ,wybowrbrgwwoorbwyyybrgggowryobbygyrrgbroowgwbwroybyggo
3042,L0 F0 U0 R0 B1 L1 F0 R0 ,obyowrbrgwwrorrwyyybrgggowryobbyggogbbryowwwbgywgbroyo
3043,F0 U0 R0 B1 L1 F0 R0 ,obyrwrwrgwwrorrwyyobroggbwryobgygoogwybwobbwrgyggbboyy
3044,U0 R0 B1 L1 F0 R0 ,obyrwrrbbwwrrrrgyyboowgbrgrwowgygoogwyywoobwbgyggbboyy
3045,R0 B1 L1 F0 R0 ,rrobwbbrygygrrrgyywwrwgbrgrwowgygoogboowoobwbwyygbboyy
3046,B1 L1 F0 R0 ,rrrbwbbrrgrgyryyrgwwwwggrggwoogygoowboowoobwbyyybbboyy
3047,L1 F0 R0 ,bwbbwbbrrgrryrryrrwwwwggrggwoogyggygoooooowwbybyybyybo
3048,F0 R0 ,wwbwwbrrrgrryrryrrwwwggggggoooyygyygooboowoowybbybbybb
3049,R0 ,wwbwwbwwbrrrrrrrrrggwggwggwyygyygyygoooooooooybbybbybb
3050,R2 D1 L1 B2 R2 L0 U1 B2 R0 L2 ,wwwwwyobgrgbgrobrowrybgwroybwoyygryyrrgrooboyobggbygbw
3051,D1 L1 B2 R2 L0 U1 B2 R0 L2 ,wwowwgobyorborgbgrwrgbggroobwwyyyrygrrgrooboyybgwbyybw
3052,L1 B2 R2 L0 U1 B2 R0 L2 ,wwowwgobyorborgybwwrgbggbgrwygwyybyrrrgroorooybgwbyboy
3053,B2 R2 L0 U1 B2 R0 L2 ,wwobwgbbyorborgybwwrgwggbgryygyyygyrgooroorrrybowbwbow
3054,R2 L0 U1 B2 R0 L2 ,rygbwgbbyorrorrybgwrgwggbgryygyyyowwwoogoobrrwobwbwoby
3055,L0 U1 B2 R0 L2 ,rygbwybbwgbyrrorrowrowgwbgwyygyygowywoogoobrrrobgbwgby
3056,U1 B2 R0 L2 ,yygwwybbwgbyrrorrorrobgwbgwwygwygbwybgwroorooroogbygby
3057,B2 R0 L2 ,gywywbywbrrorrorrobgwbgwbgwwygwygbwyroorooroogbygbygby
3058,R0 L2 ,ywbywbywbrrrrrrrrrbgwbgwbgwwygwygwygoooooooooybgybgybg
3059,L2 ,ywwywwywwrrrrrrrrrbggbggbggwyywyywyyooooooooobbgbbgbbg
3060,B1 U2 F0 D2 R2 U2 B1 F2 D2 R2 ,rorywywywrryorwrrygbgggbgbgyrywywowowooyorwoobgbgbgbbb
3061,U2 F0 D2 R2 U2 B1 F2 D2 R2 ,wywywywywrrrororrrgbgggbgbgyrywywywyoooworooobgbgbbbgb
3062,F0 D2 R2 U2 B1 F2 D2 R2 ,wywywywywoooororrrbgbggbgbgyrywywywyrrrworooogbggbbbgb
3063,D2 R2 U2 B1 F2 D2 R2 ,wywywyorrwooyrowrrggbbgggbbroowywywyrryworooygbggbbbgb
3064,R2 U2 B1 F2 D2 R2 ,wywywyorrwooyroooyggbbggbgbywywywoorrryworwrrgbggbbgbb
3065,U2 B1 F2 D2 R2 ,wyyywworryoooryoowgggbggbggywwwyyoorrryworwrrbbggbbbbb
3066,B1 F2 D2 R2 ,rrowwyyywrryoryoowbbgbggbggywwwyyooryooworwrrggggbbbbb
3067,F2 D2 R2 ,wwywwyyywrrrorrooobbgbggbggywwwyywyyooooorrrrgbbgbbggb
3068,D2 R2 ,wwywwywwyrrrrrroooggbggbgbbwyywyywyyoooooorrrgbbgbbggb
3069,R2 ,wwywwywwyrrrrrrrrrggbggbggbyywyywyywooooooooogbbgbbgbb
3070,F2 B2 U2 F0 D0 L2 R0 U2 B1 D0 ,bwwowyrwwoggrroybrwbbrgbrggywoyyoooyoybboggrgrrygbybww
3071,B2 U2 F0 D0 L2 R0 U2 B1 D0 ,bwwowyowyggggrobbrggrbgrbbwwwryyoooyoyyborgrorrygbybww
3072,U2 F0 D0 L2 R0 U2 B1 D0 ,yooowyowyggggrbbboggrbgrbbwwwryyowwbryyoorgrowwbybgyrr
3073,F0 D0 L2 R0 U2 B1 D0 ,ywoywoooyryygrbbbowwbbgrbbwwwryyowwbgggoorgroggrybgyrr
3074,D0 L2 R0 U2 B1 D0 ,ywoywoorgoyyorbybobbwbgwwrbbgryyowwbggwoowgrrggrybgyrr
3075,L2 R0 U2 B1 D0 ,ywoywoorgoyyorbwrbbbwbgwgrrwybwygborggwoowyrrggrybgybo
3076,R0 U2 B1 D0 ,wwowwobrgoyyorbwrbobwggwrrryybyygoorrrywoowgggggybbybb
3077,U2 B1 D0 ,wwwwwwbrrwoorrybbyobbgggrrryyyyyyoogrrywoowgggggobbobb
3078,B1 D0 ,rrbwwwwwwrryrrybbyggggggrrryyyyyyoogwoowoowggobbobbobb
3079,D0 ,wwwwwwwwwrrrrrrbbbggggggrrryyyyyyyyyoooooogggbbbbbbooo
3080,F1 B2 L1 R1 F2 D0 R1 U2 F1 L2 ,ywrgwgorybywbrgbogbwobgrwywgbryyyroyoowwowyrogogrbgrbb
3081,B2 L1 R1 F2 D0 R1 U2 F1 L2 ,ywrgwgbbbrywbrggogorwwgybbwwwoyyyroyooyworyrogogrbgrbb
3082,L1 R1 F2 D0 R1 U2 F1 L2 ,yorgwgbbbryybrwgooorwwgybbwwwoyyyrwygoygorwrobbrgbrgog
3083,R1 F2 D0 R1 U2 F1 L2 ,oorwwgbbbryybrwgoowrwygyrbwgworyyrwyyrooorggwbbbgbggoy
3084,F2 D0 R1 U2 F1 L2 ,oogwwgbbbywoyrorbgwrryggrbbgwwryyrwwyrooorggwybbybgooy
3085,D0 R1 U2 F1 L2 ,oogwwgwwgwworroobgbbrggyrrwbbbryyrwwyrrooyggyybbybgooy
3086,R1 U2 F1 L2 ,oogwwgwwgwworrorrwbbrggyggyrrbwybwybyrrooyooyybbybgobg
3087,U2 F1 L2 ,ooowwywwyoowwrrwrrbbgggggggrrrwyywyyyrrooyooybbbbbgbbg
3088,F1 L2 ,ywwywwoooyrrwrrwrrbbbggggggrrrwyywyyoowooyooybbgbbgbbg
3089,L2 ,ywwywwywwrrrrrrrrrbggbggbggwyywyywyyooooooooobbgbbgbbg
3090,D0 B0 F0 L2 R1 F0 U2 D0 R1 F1 ,wwgrwrbbbobwyrowwoyyyygggrrwwboyoggyogryorybrobbgbogwr
3091,B0 F0 L2 R1 F0 U2 D0 R1 F1 ,wwgrwrbbbobwyrogrryyyyggybrgowgywyobogryorgwrobbgbowwo
3092,F0 L2 R1 F0 U2 D0 R1 F1 ,worrwrbbbobbyrogryyyyyggybrgowgywoygggrworwwrwgowbboob
3093,L2 R1 F0 U2 D0 R1 F1 ,worrwrrrrbbbbrobryyyybgyrgygyogywoyggggwoowwwwgowbboob
3094,R1 F0 U2 D0 R1 F1 ,gorgwrorrbbbbrobrybyybgyogywyorywrygwwwoowgggwgrwbbooy
3095,F0 U2 D0 R1 F1 ,googwworwboybrrbbbbyrbgrogrwyyryyryywwwoowgggggrwbbooy
3096,U2 D0 R1 F1 ,googwwgwwooyrrrwbbobbggyrrrbbbryyryywwwooyggyggrwbbooy
3097,D0 R1 F1 ,wwgwwgoogwwwrrrwbbggrggyrrrbbbryyryyooyooyggyobbwbbooy
3098,R1 F1 ,wwgwwgoogwwwrrrrrrggrggyggyrrbyybyybooyooyooyobbwbbwbb
3099,F1 ,wwwwwwooowrrwrrwrrgggggggggrrryyyyyyooyooyooybbbbbbbbb
3100,F0 B0 D0 L0 U2 R2 D1 U0 L1 D0 ,yrwwwwbrobbowrbwborbwrggrygyorgyyyrybowyowboggyoobgggr
3101,B0 D0 L0 U2 R2 D1 U0 L1 D0 ,yrwwwwgwwbborrboborrrygbggwwwbgyyyryboyyooborgyoobgggr
3102,D0 L0 U2 R2 D1 U0 L1 D0 ,obowwwgwwbbyrrrobyrrrygbggwwwbgyybybwoyrooyorgoggbyrgo
3103,L0 U2 R2 D1 U0 L1 D0 ,obowwwgwwbbyrrrggwrrrygbyorbgwyywbybwoyroorgogoggbyoby
3104,U2 R2 D1 U0 L1 D0 ,yboywwgwwbbyrrrggworrwgbgorrgwyywyybrrwgooooygobgbyobb
3105,R2 D1 U0 L1 D0 ,wwgwwyobyrrwrrrggwgobwgbgorrgwyywyybbbygooooyorrgbyobb
3106,D1 U0 L1 D0 ,wwwwwwobbwggrrrwrrgoowgggoorggyyyyyybbygooooyrrrbbybbb
3107,U0 L1 D0 ,wwwwwwobbwggrrrbbbgoowggwrrgyygyyryybbygoogoorrrbbyooy
3108,L1 D0 ,owwbwwbwwrrrrrrbbbwggwggwrrgyygyyryygoogoogoobbybbyooy
3109,D0 ,wwwwwwwwwrrrrrrbbbggggggrrryyyyyyyyyoooooogggbbbbbbooo
3110,B2 U0 F0 B1 L0 F1 D1 U0 L2 B0 ,bbwwwygoyooorrwwgrwwgbggbrrobbgyyrwgwbryoyyoygoorbrygb
3111,U0 F0 B1 L0 F1 D1 U0 L2 B0 ,gwrwwygoyooyrrywgwwwgbggbrrobbgyywbbrbrwoyooybgyrbroog
3112,F0 B1 L0 F1 D1 U0 L2 B0 ,gwgowwyyrbgyrrywgwooybggbrrobbgyywbbwwgwoyooyrbrrbroog
3113,B1 L0 F1 D1 U0 L2 B0 ,gwgowwyygygyyryrgwbborgorgywrbgyywbbwwowoboobrbrrbroog
3114,L0 F1 D1 U0 L2 B0 ,owwowwyygyggyrwrggbborgorgywrbgyywyywwobobbobrrgbborro
3115,F1 D1 U0 L2 B0 ,owwowwgygyggyrwrggoboogoygybrbryyryybbwoowbborrwbbgrrw
3116,D1 U0 L2 B0 ,owwowwyyrbggrrwbggooybggooywworyyryybbgooybbgrrwbbgrrw
3117,U0 L2 B0 ,owwowwyyrbggrrwrrwooybggbggoyywyywrrbbgooyooyrrwbbgbbg
3118,L2 B0 ,yooywwrwwrrwrrwrrwbggbggbggoyywyywrrooyooyooybbgbbgbbg
3119,B0 ,ooowwwwwwrrwrrwrrwgggggggggyyyyyyrrryooyooyoobbbbbbbbb
3120,U0 B2 R1 L0 B2 R2 L1 D1 R0 B0 ,oyrowwrwwggbwryybybooggbyoroygwyrrgobbygoowrgwrwbbybrg
3121,B2 R1 L0 B2 R2 L1 D1 R0 B0 ,roowwywwrwrwwryybyggbggbyoroygwyrrgoboogoowrgbbybbybrg
3122,R1 L0 B2 R2 L1 D1 R0 B0 ,ogrwwywwrwrwwrgybbggbggbyoroygwyrooryooyoowrggrbybbybb
3123,L0 B2 R2 L1 D1 R0 B0 ,ogywwywwgwgbrrbwwyggrggyyoroybwybooryooyoowrgrrbrbbgbb
3124,B2 R2 L1 D1 R0 B0 ,bgybwybwgwgbrrbwwyogrwgyworgybgybyorwyyroogoorrorbwgbo
3125,R2 L1 D1 R0 B0 ,roybwybwgwggrrrwwwogrwgyworgybgybygbyyyboobooobgwbrorr
3126,L1 D1 R0 B0 ,robbwbbwbwwwrrrggwogowgwwoogyygyyyggyyybooboorbgybrrrr
3127,D1 R0 B0 ,oobwwbwwbwwwrrrggwggoggwyooryyryygggyooyooybbrbbybbrrr
3128,R0 B0 ,oobwwbwwbwwwrrrrrrggoggwggwyygyygrrgyooyooyoorbbybbybb
3129,B0 ,ooowwwwwwrrwrrwrrwgggggggggyyyyyyrrryooyooyoobbbbbbbbb
3130,U1 D2 R0 F1 D0 L2 U0 D2 L0 B1 ,ryoowwrbwgrbgrgybbgyowgwybborroyogrowwwoobyggyrbybywgr
3131,D2 R0 F1 D0 L2 U0 D2 L0 B1 ,owwywbrorgyogrgybbwwwwgwybborroyogroyrboobygggrbybywgr
3132,R0 F1 D0 L2 U0 D2 L0 B1 ,owwywbrorgyogrgyggwwwwgwwgrorgoyorroyrboobybbgrbybyybb
3133,F1 D0 L2 U0 D2 L0 B1 ,owwywwrorygggryggowwgwgowgooryoyyrrgyrboobybbrrbbbywbb
3134,D0 L2 U0 D2 L0 B1 ,owwywwyggyggrryogogoowggwwwbbboyyrrgyrroooybrrrbbbywbb
3135,L2 U0 D2 L0 B1 ,owwywwyggyggrrywwwgoowggybrrobrybgybyrrooowbbrrbbbyogo
3136,U0 D2 L0 B1 ,rwwrwwgggyggrrywwwoooyggbbroobyybyybbbwooorryrrybbwogg
3137,D2 L0 B1 ,grrgwwgwwrryrrywwwyggyggbbroobyybyyboooooorrybbwbbwogg
3138,L0 B1 ,grrgwwgwwrryrryrryyggyggoggbyybyyboooooooowwwbbwbbwbbr
3139,B1 ,rrrwwwwwwrryrryrrygggggggggyyyyyyooowoowoowoobbbbbbbbb
3140,L0 B1 D1 R0 L2 D0 R0 B1 D1 L1 ,yyrbwyowbyggyrwbrwbgrygrwowrbrbygoooowwoobbrgyogrbggwy
3141,B1 D1 R0 L2 D0 R0 B1 D1 L1 ,yyrgwygwbyggyrwbrwygrbgroowbbryygwooboorowgbwyoorbbgwr
3142,D1 R0 L2 D0 R0 B1 D1 L1 ,grbgwygwbygyyrybrrygrbgroowbbryygwwgwoooowobwobrobwyrg
3143,R0 L2 D0 R0 B1 D1 L1 ,grbgwygwbygyyryyrgygrbgrbrrrggbywbywwoooowoowobrobwobw
3144,L2 D0 R0 B1 D1 L1 ,grrgwrgwryyyrrggyyyggbgwbrwrgobyobyowoooowoowbbrybwbbw
3145,D0 R0 B1 D1 L1 ,rrrbwrbwryyyrrggyywggwgwrrwggogyogyowoowoooowbbbybbbby
3146,R0 B1 D1 L1 ,rrrbwrbwryyyrrgrrwwggwgwoowgggyygooowoowoobbybbbybbgyy
3147,B1 D1 L1 ,rrgbwwbwwrryrrywgywggwggooogggyyyoobwoowoobbyrbbrbbryy
3148,D1 L1 ,bwwbwwbwwrrrrrrwggwggwggooogggyyyyyyoooooobbybbybbyrrr
3149,L1 ,bwwbwwbwwrrrrrrrrrwggwggwgggyygyygyyooooooooobbybbybby
3150,F0 U1 D1 B2 R1 L2 F0 B2 L2 D1 ,wwgrwwggrybwyrwobywygygbwbyorgyyobgobgrroorrboorgbwboy
3151,U1 D1 B2 R1 L2 F0 B2 L2 D1 ,wwgrwwborgbwgrwrbywywbgyybgoyyyyobgobgororrrgoorgbwboy
3152,D1 B2 R1 L2 F0 B2 L2 D1 ,gwrwwowrbwywgrwrbybgobgyybgoyyyyobgooorrorrrggbwgbwboy
3153,B2 R1 L2 F0 B2 L2 D1 ,gwrwwowrbwywgrwboybgobgyrbyyooyygoyboorrorybggbwgbwrrg
3154,R1 L2 F0 B2 L2 D1 ,byowwowrbwyygrrboobgobgyrbyyooyygrwgyorworwbggrrwbgwbg
3155,L2 F0 B2 L2 D1 ,bywwwwwrgyroyrowgbbgobgorbbyooyyyrwyyorworwbggrrgbgobg
3156,F0 B2 L2 D1 ,yywywwrrgyroyrowgbggoggorbbboowyywwygbwrowroygrrgbbobb
3157,B2 L2 D1 ,yywywwywwrrorroggbrggbggboowyywyywwygbbrooroogrrgbbobb
3158,L2 D1 ,ywwywwywwrrrrrrgggrggbggboowyywyywyybbboooooobbobbgrrg
3159,D1 ,wwwwwwwwwrrrrrrgggggggggoooyyyyyyyyyoooooobbbbbbbbbrrr
3160,D1 R1 F2 L0 R1 F0 U2 B1 R0 L2 ,ywoywwgogroyyryowbobyggbrwwwbboyrryyrrwrorwgbggbgbboog
3161,R1 F2 L0 R1 F0 U2 B1 R0 L2 ,ywoywwgogroyyryoogobyggbowbbrybyyworrrwrorrwwggbgbbwgb
3162,F2 L0 R1 F0 U2 B1 R0 L2 ,ywwywggogyygororyooboggwowgbrybybwobrrwrorrwwrgbybbygb
3163,L0 R1 F0 U2 B1 R0 L2 ,ywwywgyrbwygrrowyogwowggobogogbybwobrrrroorwyrgbybbygb
3164,R1 F0 U2 B1 R0 L2 ,bwwbwgbrbwygrrowyoywoyggybogogwyboobrrrworyorrgwybbygg
3165,F0 U2 B1 R0 L2 ,bwybwybrrgooyrywrwywwyggybbgoowygooorrrworyorbgwbbbggg
3166,U2 B1 R0 L2 ,bwybwyrrrboorryrrwyyybgwbgwwygwygooorrgwooyoobgwbbbggg
3167,B1 R0 L2 ,rrrywbywbrrgrryrrwbgwbgwbgwwygwygoooboowooyooyyybbbggg
3168,R0 L2 ,ywbywbywbrrrrrrrrrbgwbgwbgwwygwygwygoooooooooybgybgybg
3169,L2 ,ywwywwywwrrrrrrrrrbggbggbggwyywyywyyooooooooobbgbbgbbg
3170,F1 D1 R0 L2 D0 U2 R1 D1 B0 R2 ,rwgywyyywrryorrgworbgrgbgwwyoorybwybwoboobbgorgbwbgygo
3171,D1 R0 L2 D0 U2 R1 D1 B0 R2 ,rwgywyrogoryorrywogbwbgwrrgbborybwybwowooybgyrgbwbgygo
3172,R0 L2 D0 U2 R1 D1 B0 R2 ,rwgywyrogoryorrygogbwbgwywoobbbyybrwwowooyrrgrgbwbgbgy
3173,L2 D0 U2 R1 D1 B0 R2 ,rwwywwrooyoogrrorygbbbgyywwobbbywbrrwowooyrrgggbybgggy
3174,D0 U2 R1 D1 B0 R2 ,owwbwwbooyoogrroryybbggybwwrbbyywrrrgrryoowowggyybbggg
3175,U2 R1 D1 B0 R2 ,owwbwwbooyoogrrbwwybbggywowryrrybrwbgrryoogggggyybbory
3176,R1 D1 B0 R2 ,oobwwbwwogrrgrrbwwggyggywowryrrybrwbyooyoogggybbybbory
3177,D1 B0 R2 ,ooowwywwyrrwrrwggbggbggbwooryyryyrwwyooyoogggbbbbbbrry
3178,B0 R2 ,ooowwywwyrrwrrwrryggbggbggbyywyywrrryooyoowoobbbbbbggg
3179,R2 ,wwywwywwyrrrrrrrrrggbggbggbyywyywyywooooooooogbbgbbgbb
3180,L1 B1 D2 L0 R0 F1 D0 L1 R0 B1 ,wbwbwygooyroyrrworywbrgbrobygoyyyywbrrowogbgggogwbgwbr
3181,B1 D2 L0 R0 F1 D0 L1 R0 B1 ,ybwrwyrooyroyrrworywbygbyobrgogyygwboggrogrwbgogwbbwbw
3182,D2 L0 R0 F1 D0 L1 R0 B1 ,rrorwyrooyryyrbwowywbygbyobrgogyyrrogggwogbwbgbwobbgww
3183,L0 R0 F1 D0 L1 R0 B1 ,rrorwyrooyryyrbbwbywbygbgwworryygogrgggwogwowgbwobbyob
3184,R0 F1 D0 L1 R0 B1 ,brobwywooyryyrbbwbrwbrgbrwwyrryygggrwwgoogwgggboobyyoo
3185,F1 D0 L1 R0 B1 ,brbbwbwowbyywrrbbyrwrrggrwryryyyogggwwgoogwggoboybyooo
3186,D0 L1 R0 B1 ,brbbwbbwbyyyrrrybyrgrwgwrrrgggyyogggwwwooowgwoboybyooo
3187,L1 R0 B1 ,brbbwbbwbyyyrrrrrrrgrwgwwgwgyggyggogwwwoooooooboybyyby
3188,R0 B1 ,rrbwwbwwbyyyrrrrrrggrggwggwyygyygoogwoowoowooobbybbybb
3189,B1 ,rrrwwwwwwrryrryrrygggggggggyyyyyyooowoowoowoobbbbbbbbb
3190,F2 U0 L1 D0 R1 B0 L0 F2 B1 R1 ,gggowybwgrgwrrrbbbyrybgywoorbwyyyrbyywrgorbogooogbwoww
3191,U0 L1 D0 R1 B0 L0 F2 B1 R1 ,gggowywbrggwrrrrbboowygbyrygwbyyyrbyywbgorborooogbwoww
3192,L1 D0 R1 B0 L0 F2 B1 R1 ,wogbwgrygooorrrrbbggwygbyrygwbyyyrbyoowgorborywbgbwoww
3193,D0 R1 B0 L0 F2 B1 R1 ,gogywgyygooorrrrbbggwygbrrywwbwyybbywrroooogbywrgbboww
3194,R1 B0 L0 F2 B1 R1 ,gogywgyygooorrrrryggwygbogbbwwbywyybwrroooowwywrgbbrbb
3195,B0 L0 F2 B1 R1 ,gorywgyyyoryorrorrgggyggoggbwwbybyybwrroooowwbwrwbbwbb
3196,L0 F2 B1 R1 ,yrrywgyyyorboryorygggyggoggbwwbybwoorrrooogwwwwbbbwbbr
3197,F2 B1 R1 ,rrrwwgbyyorboryoryyggyggygggwwyybooogorworworwwwbbbbbb
3198,B1 R1 ,rrrwwgwwgrrbrryrryggyggyggyyybyybooogoowoowoowwwbbbbbb
3199,R1 ,wwgwwgwwgrrrrrrrrrggyggyggyyybyybyybooooooooowbbwbbwbb
3200,D0 U1 L0 R0 D2 L0 B0 D2 F2 R0 ,yggywobbrwbyrrwgbwwwbygboowggoryybwgrgorooyyyrrbgbwroo
3201,U1 L0 R0 D2 L0 B0 D2 F2 R0 ,yggywobbrwbyrrwoowwwbygbyyybrgwyggyorgorooroorrbgbwgbw
3202,L0 R0 D2 L0 B0 D2 F2 R0 ,gorgwbyybwwbrrwoowrgoygbyyybrgwyggyorrbrooroowbygbwgbw
3203,R0 D2 L0 B0 D2 F2 R0 ,worwwbyybwwbrrwoowggoggbyyyrrgyygyyorrrooroobwbggbwgbb
3204,D2 L0 B0 D2 F2 R0 ,woowwbyyyorworwwwbggggggyyorrgyygyywrrrooroobbbgbbwrbb
3205,L0 B0 D2 F2 R0 ,woowwbyyyorworwoobggggggrbbwyygyygrrrrroorwwbbbgbbwyyo
3206,B0 D2 F2 R0 ,ooowwbgyyorworwoobwggwggybbgyygyyrrrworworbrrbbgbbgyyw
3207,D2 F2 R0 ,wwbwwbgyyorrorroorwggwggybbgyygyywwbooroororrybbybbwgg
3208,F2 R0 ,wwbwwbgyyorrorrorrwggwggwggbwwyygyygoorooroorybbybbybb
3209,R0 ,wwbwwbwwbrrrrrrrrrggwggwggwyygyygyygoooooooooybbybbybb
3210,B1 R0 F2 B1 L0 D0 F0 B0 R0 F2 ,byggworggoyrrroggbbowggbywyorrbyroowoyywowwygwrywbbrbb
3211,R0 F2 B1 L0 D0 F0 B0 R0 F2 ,wwogworggoybrrygggbowggbywyorrbyrboroyyoowwygybbrbbwwr
3212,F2 B1 L0 D0 F0 B0 R0 F2 ,wwwgwbrgygrogrygybborggrywrorwbyrboyoyyoowwyggbbobbowr
3213,B1 L0 D0 F0 B0 R0 F2 ,wwwgwbwrogrowryyybrwyrggrobygrbyrboyoygoogwyggbbobbowr
3214,L0 D0 F0 B0 R0 F2 ,woogwbwrogrwwrwyywrwyrggrobygrbyrbyobygoogyygbbrbbwgoo
3215,D0 F0 B0 R0 F2 ,ooowwbrrogrwwrwyywwwygggwobrgrryrryoyobyoygggbbbbbbgoy
3216,F0 B0 R0 F2 ,ooowwbrrogrwwrwwobwwyggggggrrryygorryobyoygoybbbbbbyyw
3217,B0 R0 F2 ,ooowwbyybrrwrrwoobggwggwggywwgyygorryoryorgorbbbbbbyyw
3218,R0 F2 ,wwbwwbyybrrrrrroooggwggwggywwgyygyygoorooroorybbybbwbb
3219,F2 ,wwwwwwyyyorrorrorrgggggggggwwwyyyyyyoorooroorbbbbbbbbb
3220,F1 D2 U2 B1 R2 D0 F2 U2 B1 F2 ,owwowwrowrrorrybbbwggbgggbyyyowyryyrbbbyowrooggwobgyrg
3221,D2 U2 B1 R2 D0 F2 U2 B1 F2 ,owwowwrrboroyryybbggyggbwbgbwowyryyrbbwyoororggwobgyrg
3222,U2 B1 R2 D0 F2 U2 B1 F2 ,owwowwrrboroyryrorggyggbyrgryyrywowbbbwyooybbggwobgwbg
3223,B1 R2 D0 F2 U2 B1 F2 ,brrwwowwobbwyryrorggwggbyrgryyrywowboroyooybbggyobgwbg
3224,R2 D0 F2 U2 B1 F2 ,yyowwowwobbbyrrrorggwggbyrgryyrywryworowoobbbygggbbgow
3225,D0 F2 U2 B1 F2 ,yyywwwwwwrorrrybbbggggggyryryoryoryoorowoobbbgggbbbwow
3226,F2 U2 B1 F2 ,yyywwwwwwrorrryyryggggggbbbrrryyyoooorowoowowgggbbbbbb
3227,U2 B1 F2 ,yyywwwrrrwororyorybbbggggggwwwyyyooooryworworgggbbbbbb
3228,B1 F2 ,rrrwwwyyyoryoryorygggggggggwwwyyyoooworworworbbbbbbbbb
3229,F2 ,wwwwwwyyyorrorrorrgggggggggwwwyyyyyyoorooroorbbbbbbbbb
3230,R0 L0 B0 R0 F0 L1 R2 D1 B2 U1 ,rowrwbyowgyrrryggyrbogggrwoggyryywboywbroobywbwgobbbwo
3231,L0 B0 R0 F0 L1 R2 D1 B2 U1 ,roorwgyoogrggryyyrrbyggyrwoggbryowbbywbroobywwwgbbbwwo
3232,B0 R0 F0 L1 R2 D1 B2 U1 ,ooobwggoogrggryyyrrbyrgyyworgbgyorbbbryyowwobwwwbbrwwg
3233,R0 F0 L1 R2 D1 B2 U1 ,gyrbwggoogrbgrbyyrrbyrgyyworgbgyobyworyoowoobwbwwbwgrw
3234,F0 L1 R2 D1 B2 U1 ,gyybwygooyggyrrrbbrbbrgoywwrgggywbyworyoowoobobwgbwrrw
3235,L1 R2 D1 B2 U1 ,gyybwybwygggorrobbyrrwgbwobryygywbyworroogoogobwgbwrrw
3236,R2 D1 B2 U1 ,yyywwywwygggorrobbrrrggbbobwyywywwywrggroooooobbgbbrrg
3237,D1 B2 U1 ,yyywwwwwwbborrogggrrrgggboowyywyywyyrggrooooobbbbbbrrg
3238,B2 U1 ,yyywwwwwwbborrorrgrrrggggggyyyyyywwwrggrooboobbbbbbooo
3239,U1 ,wwwwwwwwwbbbrrrrrrrrrggggggyyyyyyyyygggooooooooobbbbbb
3240,R2 U0 B1 R0 D2 B1 U0 R1 F0 B1 ,gbwowywrybrgorgyowgbogggbbbwwrbywggrryorowoyoroyrbwbyy
3241,U0 B1 R0 D2 B1 U0 R1 F0 B1 ,gbrowwwrrwoygrogrbgbbggrbbrwwwbyyggyryorowoyoboygbwoyy
3242,B1 R0 D2 B1 U0 R1 F0 B1 ,wogrwbrwrboygrogrbwoyggrbbrwwwbyyggygbbrowoyoryogbwoyy
3243,R0 D2 B1 U0 R1 F0 B1 ,orgrwbrwrbowgrogrgwoyggrbbrwwwbyyboygbbgowyyoowyybyrgo
3244,D2 B1 U0 R1 F0 B1 ,oryrwrrwrggbrrogowwowggybbywwrbyyboogbbgowyyorwybbyggo
3245,B1 U0 R1 F0 B1 ,oryrwrrwrggbrroyyowowggyggooobyybrwwgbbgowgowrwybbybby
3246,U0 R1 F0 B1 ,gggrwrrwrggorrryyywowggyggooobyyboobrbbwowwowyyywbbrbb
3247,R1 F0 B1 ,rrgwwgrrgyyyrrryyyggoggyggooobyyboobwowwowwowrbbwbbrbb
3248,F0 B1 ,rrrwwwrrryryyryyrygggggggggoooyyyooowowwowwowbbbbbbbbb
3249,B1 ,rrrwwwwwwrryrryrrygggggggggyyyyyyooowoowoowoobbbbbbbbb
3250,B1 D2 R0 L0 U1 B1 L0 R1 U0 D1 ,rroywrygowywwryywrrrgbggrwoybbyyryowwbbgoogggbbbobogwo
3251,D2 R0 L0 U1 B1 L0 R1 U0 D1 ,ggwywrygowyrwrryworrgbggrwoybbyyrrywybbooowggboobbwbog
3252,R0 L0 U1 B1 L0 R1 U0 D1 ,ggwywrygowyrwrrwggrrgbggbogwyrryybbyybboooywoboobbwrwo
3253,L0 U1 B1 L0 R1 U0 D1 ,gggywgyggwwwgrygrrrrrbgyboywyrrybbbbybboooywoooorbwwwo
3254,U1 B1 L0 R1 U0 D1 ,oggwwgoggwwwgrygrrgrrygyyoyryrbybbbbyoywobooboobrbrwww
3255,B1 L0 R1 U0 D1 ,ggggwgowogrrgrygrryoyygyyoyryrbybbbboobwoboobwwwrbrwww
3256,L0 R1 U0 D1 ,owogwgowogrggrggrgyoyygyyoyryrbybryrbobbobbobwrwwbwwrw
3257,R1 U0 D1 ,wwowwgwwogrggrggrgooyggyooyyyryybyyrbbbooobbbwrrwbbwrr
3258,U0 D1 ,wwwwwwwwwgggrrrgggooogggoooyyyyyyyyybbbooobbbrrrbbbrrr
3259,D1 ,wwwwwwwwwrrrrrrgggggggggoooyyyyyyyyyoooooobbbbbbbbbrrr
3260,R2 B0 F1 U2 B0 R0 D1 U0 F1 B1 ,yyobwgbybrwbwrwwbbwgwogoooogggoyrwwrgyogoygbyyrrbbryrr
3261,B0 F1 U2 B0 R0 D1 U0 F1 B1 ,yygbwrbyrbbwwrwbwrwgyogbooyggooygwwbgyogoygbyorrobrwrr
3262,F1 U2 B0 R0 D1 U0 F1 B1 ,wwrbwrbyrbbbwrwbwwwgyogbooyggooygggggyoyoyybywoorbrrrr
3263,U2 B0 R0 D1 U0 F1 B1 ,wwrbwrbwbobbgrwgwwybyggowoooyyoygggggyryoyybbwoorbrrrr
3264,B0 R0 D1 U0 F1 B1 ,bwbrwbrwwgyrgrwgwwwooggowoooyyoyggggobbyoyybbybyrbrrrr
3265,R0 D1 U0 F1 B1 ,rwwrwbrwwgyggrggwgwooggowoooyyoygoyybbbwoybbbrryrbbrry
3266,D1 U0 F1 B1 ,rworworwogggwrygggwoygggwoyoyroyroyrbbbwoybbbwrybbbwry
3267,U0 F1 B1 ,rworworwogggwrywrywoyggggggrrryyyooobbbwoywoywrybbbbbb
3268,F1 B1 ,rrrwwwooowrywrywrygggggggggrrryyyooowoywoywoybbbbbbbbb
3269,B1 ,rrrwwwwwwrryrryrrygggggggggyyyyyyooowoowoowoobbbbbbbbb
3270,R1 F0 B1 U2 D2 R1 B2 D2 F1 B1 ,yrbgwbyorgrrrroboogywggyogwwyrbybwybowroorbwgywgwbgybo
3271,F0 B1 U2 D2 R1 B2 D2 F1 B1 ,yrygwwyoyroorrogrbgybggbogrwywbyywywowroorbwgbwgbbgrbo
3272,B1 U2 D2 R1 B2 D2 F1 B1 ,yrygwwgrryoooroyrboggggyrbbgrrbyywywowwooybwwbwgbbgrbo
3273,U2 D2 R1 B2 D2 F1 B1 ,boogwwgrryoyorryryoggggyrbbgrrbyyboowwwyoywwwggowbbbbr
3274,D2 R1 B2 D2 F1 B1 ,rrgwwgoobwwworryryggoggyrbbgrrbyybooyoyyoywwwoggwbbbbr
3275,R1 B2 D2 F1 B1 ,rrgwwgoobwwworrwwwggoggybbroobyybrrgyoyyoyyryoggwbbrbb
3276,B2 D2 F1 B1 ,rrrwwwooowrwwrwwowggggggbbboooyyyrrryoyyoyyrygggbbbbbb
3277,D2 F1 B1 ,rrrwwwooowrywrywoyggggggbbboooyyyrrrwoywoywrybbbbbbggg
3278,F1 B1 ,rrrwwwooowrywrywrygggggggggrrryyyooowoywoywoybbbbbbbbb
3279,B1 ,rrrwwwwwwrryrryrrygggggggggyyyyyyooowoowoowoobbbbbbbbb
3280,F2 B2 U1 L2 D0 U2 R2 F0 L2 U2 ,wwrwwrrwyrgworwgbyyobbggwoooyyyyywoobggyororbgrrbbgbbg
3281,B2 U1 L2 D0 U2 R2 F0 L2 U2 ,wwrwwryyobgwrrwgbyoowggbboyywryyywoobggyooorrgrrbbgbbg
3282,U1 L2 D0 U2 R2 F0 L2 U2 ,oowwwryyobgorrygbboowggbboyywryyyrwwyggwoowrrgbbgbbrrg
3283,L2 D0 U2 R2 F0 L2 U2 ,wroowyowyoowrrygbbyggggbboyywryyyrwwgbbwoowrrbgogbbrrg
3284,D0 U2 R2 F0 L2 U2 ,yroywyrwyoowrrygbbgggbgbooywwroyyowwrrwoowbbgbgbgbgrry
3285,U2 R2 F0 L2 U2 ,yroywyrwyoowrryooygggbgbbbgoowwywwyrrrwoowrrybgbgbggbb
3286,R2 F0 L2 U2 ,ywrywyoryrrwrryooybgbbgbbbgoowwywwyroowoowrryggggbggbb
3287,F0 L2 U2 ,ywwywworryooyrrwrrbggbggbbgoorwyywyyoowoowrrygggbbgbbb
3288,L2 U2 ,ywwywwywwooorrrrrrbbbbgggggwyywyywyyoooooorrrgggbbgbbb
3289,U2 ,wwwwwwwwwooorrrrrrbbbggggggyyyyyyyyyrrroooooogggbbbbbb
3290,F1 L2 R1 U1 L1 F2 D1 B2 L1 F0 ,wbwgwwybygoowrbwobrwrggroobggogyywyyryboorrwygrgybborb
3291,L2 R1 U1 L1 F2 D1 B2 L1 F0 ,wbwgwwgwwooogrbgobrrbwgorgobrygyywyyryyoobrwygrgybborb
3292,R1 U1 L1 F2 D1 B2 L1 F0 ,bbwgwwwwwooogrbgobbrbbgoggowrygyygyyywrbooyyrgrrybworr
3293,U1 L1 F2 D1 B2 L1 F0 ,bbogwywwgobborooggbrwbgwggwwrbgyogyoywrbooyyryrrybwyrr
3294,L1 F2 D1 B2 L1 F0 ,oygbwwbgwbrworooggywrbgwggwwrbgyogyoyrrbooyyrobbybwyrr
3295,F2 D1 B2 L1 F0 ,yygbwwggwbrworooggwwrggwggwrrbwyobyororroyybyobbybbyro
3296,D1 B2 L1 F0 ,yygbwwbrryrwyrorggwggwggrwwwggwyobyoroorooybbobbybbyro
3297,B2 L1 F0 ,yygbwwbrryrwyroyrowggwggrgggoogyywwbrooroorwwobbybbybb
3298,L1 F0 ,bwwbwwbrryrryrryrrwggwggrgggoogyygyyoooooowwwbbybbybbo
3299,F0 ,wwwwwwrrryrryrryrrgggggggggoooyyyyyyoowoowoowbbbbbbbbb
3300,L1 U0 B1 F0 U2 R1 L2 F1 U0 D1 ,gyggwgroyoyyrrywrbgwggggbbryobrybbyyoowbowowrrbwrbwoow
3301,U0 B1 F0 U2 R1 L2 F1 U0 D1 ,gyggwgboyoyyrrywrbywgrggbbrwobwybwyywwroowoborbrrbgoog
3302,B1 F0 U2 R1 L2 F1 U0 D1 ,bggowyyggrbrrrywrboyyrggbbrwobwybwyyywgoowobowwrrbgoog
3303,F0 U2 R1 L2 F1 U0 D1 ,ooyowyyggrbbrrgwrgoyyrggbbrwobwybbyrwwgyowyborggwbowro
3304,U2 R1 L2 F1 U0 D1 ,ooyowyowgybbgrggrgbrobgyrgywrrwybbyrwwwyooybbrggwbowro
3305,R1 L2 F1 U0 D1 ,gwoywoyoowwwgrggrgrggbgyrgywrrwybbyrybbyooybbbrowbowro
3306,L2 F1 U0 D1 ,gwwywwyobwggwrrwggrgobgorgowrgwyybyyybbyooybbrrobborro
3307,F1 U0 D1 ,wwwwwwbobwggwrrwggogoogoogogrgyyyyyybbyooybbyrrrbbbrrr
3308,U0 D1 ,wwwwwwwwwgggrrrgggooogggoooyyyyyyyyybbbooobbbrrrbbbrrr
3309,D1 ,wwwwwwwwwrrrrrrgggggggggoooyyyyyyyyyoooooobbbbbbbbbrrr
3310,D2 B1 R1 D0 B2 F2 R1 U0 L0 B1 ,wrwrwybybyorrrbrooogrygwrwwyggwygybgobyoorgogbgbwbbwyo
3311,B1 R1 D0 B2 F2 R1 U0 L0 B1 ,wrwrwybybyorrrbgogogrygwwyogbygywggyobyoorroobgbwbbrww
3312,R1 D0 B2 F2 R1 U0 L0 B1 ,roorwybybyowrrrgowogrygwwyogbygywgbrgbygoryoobbwgbwbwr
3313,D0 B2 F2 R1 U0 L0 B1 ,robrwgbybwrworoyrgogoygywybgbrgywgbogbygoryoorbwwbwywr
3314,B2 F2 R1 U0 L0 B1 ,robrwgbybwrworowybogoygyyoogggbybowrgbygorywrrbwwbwyrg
3315,F2 R1 U0 L0 B1 ,rworwgbybwryorgwygogoygyyoogggbybborbbyoorwwrgrywbwwbr
3316,R1 U0 L0 B1 ,rworwggggrryrrgyygooyygyogobybbybborbbwooowwwgrywbwwbr
3317,U0 L0 B1 ,rwwrwwgggyggrryrryoooyggoggbyybyyboobbwooowwwrrybbwbbr
3318,L0 B1 ,grrgwwgwwrryrryrryyggyggoggbyybyyboooooooowwwbbwbbwbbr
3319,B1 ,rrrwwwwwwrryrryrrygggggggggyyyyyyooowoowoowoobbbbbbbbb
3320,L2 U2 F0 R1 B0 U1 R2 F1 D2 R0 ,grrgwoworggyrrbowrgbwggwbbbwyyyyobwgyroyoywrobbowboygr
3321,U2 F0 R1 B0 U1 R2 F1 D2 R0 ,wrrywoborggyrrbowrrbwogwobbgyygyowwgorwyoyorybbbwbgygg
3322,F0 R1 B0 U1 R2 F1 D2 R0 ,robowyrrworwrrbowrbbbogwobbgyygyowwgggyyoyoryrbwwbgygg
3323,R1 B0 U1 R2 F1 D2 R0 ,robowyyyyrrwrrbwwroobbgbbwborogyowwggggyoyoryrbwwbgygg
3324,B0 U1 R2 F1 D2 R0 ,royowwyyrwbrrrwrrwoobbgybwyorbgybwwbgggyoyorygbwobgogg
3325,U1 R2 F1 D2 R0 ,rwwowwyyrwbbrrwrrwoobbgybwyorbgybgyoyggooyrryooggbbggw
3326,R2 F1 D2 R0 ,wwrwwyroyoobrrwrrwyggbgybwyorbgybgyooogooyrrywbbgbbggw
3327,F1 D2 R0 ,wwbwwbroowrrwrrbooyggbggbwworrgyygyyoogooyrryybbybbggw
3328,D2 R0 ,wwbwwbwwbrrrrrroooggwggwybbgyygyygyyoooooorrrybbybbggw
3329,R0 ,wwbwwbwwbrrrrrrrrrggwggwggwyygyygyygoooooooooybbybbybb
3330,F1 B0 L0 F1 B0 L2 D1 B0 U1 D1 ,wbbbwwygybbryrooorowoggrrrwwwbgyygogrygworwybyrggboybo
3331,B0 L0 F1 B0 L2 D1 B0 U1 D1 ,wbbbwwbyobbrwrowororwwgrogrgrbgyygogryywogwyyyrggboybo
3332,L0 F1 B0 L2 D1 B0 U1 D1 ,rorbwwbyobbgwrowogorwwgrogrgrbgyyrwwbyybogwyyygybbroog
3333,F1 B0 L2 D1 B0 U1 D1 ,gorrwwyyobbgwrowogrrwbgrbgrorbwyyowwwbbyoyygyygrbbgoog
3334,B0 L2 D1 B0 U1 D1 ,gorrwwbwwbbgrrooogwrrrggrbbbyywyyowwwboyoyygyygrbbgoog
3335,L2 D1 B0 U1 D1 ,gogrwwbwwbbwrrwooowrrrggrbbbyywyywyyrboooyggyobyobgggr
3336,D1 B0 U1 D1 ,bogwwwwwwbbwrrwooorrrgggybbgyyryybyyyggyooobrobrobrggw
3337,B0 U1 D1 ,bogwwwwwwbbwrrwggwrrrgggoooyyyyyygrbyggyooybbobrobrobr
3338,U1 D1 ,wwwwwwwwwbbbrrrgggrrrgggoooyyyyyyyyygggooobbbooobbbrrr
3339,D1 ,wwwwwwwwwrrrrrrgggggggggoooyyyyyyyyyoooooobbbbbbbbbrrr
3340,R1 D1 B0 F2 R1 L1 D2 F1 B2 L2 ,orobwygwrwowbrwyygrbbwgogybogrrybygrgryrooowwbyygbgwob
3341,D1 B0 F2 R1 L1 D2 F1 B2 L2 ,orwbwggwbwwgorywbyrbowgygyrogbryoygbgryrooowwryybbgrob
3342,B0 F2 R1 L1 D2 F1 B2 L2 ,orwbwggwbwwgoryrobrbowgywbybobgygorygryroogyrryybbgoww
3343,F2 R1 L1 D2 F1 B2 L2 ,gybbwggwbwwyorrroorbowgywbybobgyggrgwryroooyrobrwbywgy
3344,R1 L1 D2 F1 B2 L2 ,gybbwgbobrwyorryooybwygwobrbwggyggrgwrrroooywobrwbywgy
3345,L1 D2 F1 B2 L2 ,gywbwwbooyrowroroyybbyggobbbwwgywgrrwrrroooywgbrgbyggy
3346,D2 F1 B2 L2 ,yywywwoooyrowroroybbbggggbbywwyywrrrrowroywrogbbgbbggg
3347,F1 B2 L2 ,yywywwoooyrowrowrobbbggggggrrrwyywwyrowroyroygbbgbbgbb
3348,B2 L2 ,yywywwywwrrorrorrobggbggbggwyywyywwyroorooroogbbgbbgbb
3349,L2 ,ywwywwywwrrrrrrrrrbggbggbggwyywyywyyooooooooobbgbbgbbg
3350,B1 F2 U1 D0 B0 R0 L1 U0 F1 B1 ,rwrwwoygyoywbrgoywbwgogrbygwbwryrroryoobogygogrgybwbbb
3351,F2 U1 D0 B0 R0 L1 U0 F1 B1 ,ybywwoygyoyrbrwoyrbwgogrbygwbwryrwgwroooogrgogwbrbbgyb
3352,U1 D0 B0 R0 L1 U0 F1 B1 ,ybywwowbwoyrgrwoyrgybrgogwbygyryrwgwroooobrgogwbrbbgyb
3353,D0 B0 R0 L1 U0 F1 B1 ,yowbwbywwgybgrwoyrroorgogwbygyryrwgwgwboobrgooyrrbbgyb
3354,B0 R0 L1 U0 F1 B1 ,yowbwbywwgybgrwgwbroorgorgowrygygwrygwboobgyboyrrbboyr
3355,R0 L1 U0 F1 B1 ,bwbbwbywwgyygrrgwwroorgorgowrygyggogwwboobyyboroybyrbr
3356,L1 U0 F1 B1 ,bwobwoywogggwrywryroyrggrggwrrgyygoowwboobyybwrobbybbr
3357,U0 F1 B1 ,rworworwogggwrywrywoyggggggrrryyyooobbbwoywoywrybbbbbb
3358,F1 B1 ,rrrwwwooowrywrywrygggggggggrrryyyooowoywoywoybbbbbbbbb
3359,B1 ,rrrwwwwwwrryrryrrygggggggggyyyyyyooowoowoowoobbbbbbbbb
3360,F2 R1 B1 L0 F2 R2 D1 F0 B1 D2 ,gywgwgrrygwbbrgbyowgrwgorrrgyybyoyoboybrorgwwobwobbywo
3361,R1 B1 L0 F2 R2 D1 F0 B1 D2 ,gywgwgyygwwbrrgbyorrrogwrgwyrrbyoyoboybrobgwgobwobbywo
3362,B1 L0 F2 R2 D1 F0 B1 D2 ,gyygwoyyobgowrywrbrrwoggrggyrrbywyowoybrobgwgbbwobbrwo
3363,L0 F2 R2 D1 F0 B1 D2 ,grogwoyyobggwrywryrrwoggrggyrrbywbyoyyboobwwgwbobbwbor
3364,F2 R2 D1 F0 B1 D2 ,rrowwooyobggwrywrygrwgggyggrrroywryowoywoygbbwbbbbbboy
3365,R2 D1 F0 B1 D2 ,rrowworrrbggyryyryggygggwrgoyooywryowowwowgbbwbbbbbboy
3366,D1 F0 B1 D2 ,rrowwwrroyryyryggbggbggbwrwoyooyoryrwowwowgbbgbbgbbyoy
3367,F0 B1 D2 ,rrowwwrroyryyryyoyggbggbggbooryyyoorwowwowwrwgbbgbbgbb
3368,B1 D2 ,rrowwwwwwrryrryooyggggggbbbyyyyyyoorwoowoowrrgbbgbbgbb
3369,D2 ,wwwwwwwwwrrrrrroooggggggbbbyyyyyyyyyoooooorrrbbbbbbggg
3370,D0 B0 F1 L2 D0 F2 U0 D0 B0 U1 ,orywwwoygwroyrwbogwbrbgryowgyroywyoobggyorbgrbgwbbgybr
3371,B0 F1 L2 D0 F2 U0 D0 B0 U1 ,orywwwoygwroyrwyowwbrbgrbgryogoyyowrbggyorybrbgwbbgbog
3372,F1 L2 D0 F2 U0 D0 B0 U1 ,owwwwwoygwrryrwyoowbrbgrbgryogoyybyyyggrorobrbbbobgggw
3373,L2 D0 F2 U0 D0 B0 U1 ,owwwwwwyygrrorwyoorrrbggwbbgrroyybyyyggroyobobbbobgggw
3374,D0 F2 U0 D0 B0 U1 ,gwwowwbyygrrorwyoowrrgggbbborrwyywyyoboyorggybbwobbggr
3375,F2 U0 D0 B0 U1 ,gwwowwbyygrrorwbbbwrrgggggywwoyyryyroboyorggrbbwobbyoo
3376,U0 D0 B0 U1 ,gwwowwowwrrrrrwobbygggggrrwyybyyryyrobbyoogggbbwobbyoo
3377,D0 B0 U1 ,oogwwwwwwbbwrrwobbrrrgggrrwyybyyryyryggyoogggobbobbyoo
3378,B0 U1 ,oogwwwwwwbbwrrwrrwrrrggggggyyyyyyrrbyggyooyooobbobbobb
3379,U1 ,wwwwwwwwwbbbrrrrrrrrrggggggyyyyyyyyygggooooooooobbbbbb
3380,F0 B1 U2 D2 F1 B2 U1 L0 D1 R2 ,roywwwbywggggrroogrrorgowoboyyyybyrygbwbowbgbowwbbyrgr
3381,B1 U2 D2 F1 B2 U1 L0 D1 R2 ,roywwwbwwbggyrrwogwrrogrboooggyybyrygboboybgyowwbbyrgr
3382,U2 D2 F1 B2 U1 L0 D1 R2 ,bbgwwwbwwbgryrowoywrrogrboooggyybgrgyboroyygywyrwbgobr
3383,D2 F1 B2 U1 L0 D1 R2 ,wwbwwwgbbyboyrowoywyrogrboooggyybgrgbgrroyygywrrwbgobr
3384,F1 B2 U1 L0 D1 R2 ,wwbwwwgbbyboyroygywyrogrobrgrgbyyggobgrroywoywrrwbgboo
3385,B2 U1 L0 D1 R2 ,wwbwwwyyygborroggyrrrygbwooryybyyggobgbrobwogwrrwbgboo
3386,U1 L0 D1 R2 ,oggwwwyyygbwrrrggbrrrygbwooryybyybwwygbooboogoobgbwrrw
3387,L0 D1 R2 ,gwygwyowyrrrrrrggbygbygbwooryybyybwwooboobooggbwgbwrrw
3388,D1 R2 ,wwywwywwyrrrrrrggbggbggboooyyyyyywwwoooooogbbgbbgbbrrr
3389,R2 ,wwywwywwyrrrrrrrrrggbggbggbyywyywyywooooooooogbbgbbgbb
3390,R2 D2 F0 L0 D2 R1 B1 U2 D1 B2 ,boggwgggygwworrrrryyrbgwroywybwygwywoooroybbbobybbwgro
3391,D2 F0 L0 D2 R1 B1 U2 D1 B2 ,bobgwgggwrrrrrowwgyygbgbroowygwygwyyoooroybbbybywbwrro
3392,F0 L0 D2 R1 B1 U2 D1 B2 ,bobgwgggwrrrrrobbbyygbgbrroyywgywgywoooroywwgybywbwroo
3393,L0 D2 R1 B1 U2 D1 B2 ,bobgwggyogrrgrowbbrbyrgyobgbrrgywgywooyroywwwybywbwroo
3394,D2 R1 B1 U2 D1 B2 ,oobwwgyyogrrgrowbbbbyggygbgrrrrywoywwrowoowyyybgwbgrob
3395,R1 B1 U2 D1 B2 ,oobwwgyyogrrgrowyybbyggyrobwyowyrrrrwrowoowbbybgwbggbg
3396,B1 U2 D1 B2 ,oogwwwyyyroyrryggwbbbgggroowyywyyrrbwrowoowbbrbgrbgobg
3397,U2 D1 B2 ,wwwwwwyyyroorrogggbbbgggroowyywyywyyrroroobbbgggbbbrro
3398,D1 B2 ,yyywwwwwwrrorrogggggggggroowyywyywyyrooroobbbbbbbbbrro
3399,B2 ,yyywwwwwwrrorrorrogggggggggyyyyyywwwroorooroobbbbbbbbb
3400,U0 R0 D2 B2 F1 L1 U2 R2 L1 D0 ,bggywbwybyyworooworgrrgbrgbywywybgrwrogroyorgoowwbgbby
3401,R0 D2 B2 F1 L1 U2 R2 L1 D0 ,wybywgbbgooworoowoyywrgbrgbywywybgrwrgrroyorgrogwbgbby
3402,D2 B2 F1 L1 U2 R2 L1 D0 ,wywywbbbbooowrooowyyyrgbrgwywbwywgrrrgrroyorggoggbgbby
3403,B2 F1 L1 U2 R2 L1 D0 ,wywywbbbbooowroorgyyyrgbbbyrrgwywbwyrgrroyoowgoggbgrgw
3404,F1 L1 U2 R2 L1 D0 ,ywbywbbbbooowrrorryyyrgbbbyrrgwywwywggrooyoowwgrgbggog
3405,L1 U2 R2 L1 D0 ,ywbywbowogoorrrrrrybyygbyrbrywwywwywggbooboobwgrgbggog
3406,U2 R2 L1 D0 ,ywbywbywogoorrrrrrrbywgbwrbgywgywrywbbbgoogoowgogbygoy
3407,R2 L1 D0 ,owybwybwybbbrrrrrrwgowgbwrbgywgywrywgoogoogoorbygbygoy
3408,L1 D0 ,owwbwwbwwrrrrrrbbbwggwggwrrgyygyyryygoogoogoobbybbyooy
3409,D0 ,wwwwwwwwwrrrrrrbbbggggggrrryyyyyyyyyoooooogggbbbbbbooo
3410,F1 B1 U1 L2 D0 U2 F0 B0 U0 D0 ,ywoowryyoggbwrygbbroybgbwrwryowyrwwwgbbooybggyrrgbgroo
3411,B1 U1 L2 D0 U2 F0 B0 U0 D0 ,ywoowrgwgogbyryrbbybwogrrbwbygwyrwwwgboooybgyyrrgbgroo
3412,U1 L2 D0 U2 F0 B0 U0 D0 ,bogowrgwgogyyrwrboybwogrrbwbygwyrbybwbowoywgyrgorboygr
3413,L2 D0 U2 F0 B0 U0 D0 ,grgowwbogybwyrwrbowboogrrbwbygwyrbybrgowoywgyogyrboygr
3414,D0 U2 F0 B0 U0 D0 ,brgwwwbogybwyrwrborboogrybwgygoyrbybygwyowogrogrrboygw
3415,U2 F0 B0 U0 D0 ,brgwwwbogybwyrwybwrboogrogrbogyyybrgygwyowygwogrrborbo
3416,F0 B0 U0 D0 ,gobwwwgrbygwyrwybwogrogrogrbogyyybrgybwyowygwrborborbo
3417,B0 U0 D0 ,gobwwwwwwggwrrwbbwooogggrrryyyyyybrgybbyooyggrborborbo
3418,U0 D0 ,wwwwwwwwwgggrrrbbbooogggrrryyyyyyyyybbbooogggrrrbbbooo
3419,D0 ,wwwwwwwwwrrrrrrbbbggggggrrryyyyyyyyyoooooogggbbbbbbooo
3420,B1 U2 D2 L1 R0 U0 D1 R1 B2 U0 ,wgbwwbbgoyrroryrobrrbygwyowobgyygyroggwwobrrgyyoobbwwg
3421,U2 D2 L1 R0 U0 D1 R1 B2 U0 ,rwgwwbbgoyrworgrobrrbygwyowobgyygbyrygwroborgobgybwyow
3422,D2 L1 R0 U0 D1 R1 B2 U0 ,ogbbwwgwrygworgrobobgygwyowobgyygbyryrwroborgrrbybwyow
3423,L1 R0 U0 D1 R1 B2 U0 ,ogbbwwgwrygworgorgobgygwyowrybgyygboyrwrobrobrrbybwyow
3424,R0 U0 D1 R1 B2 U0 ,ogbywwywrygworgorgrbgggwgowwybwyybbowbbrooyrrrrgybbyoo
3425,U0 D1 R1 B2 U0 ,oggywwywwooyrrgggwrbbggygoowyywyybbrwbbrooyrrrrgwbbboo
3426,D1 R1 B2 U0 ,yyowwgwwgrrgrrgggwooyggygoowyywyybbrrbbrooyrrwbbwbbboo
3427,R1 B2 U0 ,yyowwgwwgrrgrrgbooooyggyggwyyryybwwbrbbroogoowbbwbbyrr
3428,B2 U0 ,yyywwwwwwggorrorrboooggggggyyyyyywwwrbbroogoobbbbbbrrr
3429,U0 ,wwwwwwwwwgggrrrrrroooggggggyyyyyyyyybbboooooorrrbbbbbb
3430,L0 U2 B0 L2 D0 R1 B2 F2 D0 U1 ,gywbwworbyrrbryyorygrwgyoogbbogywwbgorbooggywbrwobgywr
3431,U2 B0 L2 D0 R1 B2 F2 D0 U1 ,rywgwwwrbyrrbryyorggrbgyoogybowywobggooyorwgbbrwobgywb
3432,B0 L2 D0 R1 B2 F2 D0 U1 ,brwwwgwyrgoobryyorbrwbgyoogybowywobgyrryorwgbggrobgywb
3433,L2 D0 R1 B2 F2 D0 U1 ,oyrwwgwyrgogbrbyoobrwbgyoogybowywyywwrrrorbgbyogwbgbgr
3434,D0 R1 B2 F2 D0 U1 ,yyrwwgyyrgogbrbyoorrwggygogobowywwywbgbrorrrwyoowbbbgb
3435,R1 B2 F2 D0 U1 ,yyrwwgyyrgogbrbgogrrwggyrrwwwoyybwwobgbrorbgbyoowbbyoo
3436,B2 F2 D0 U1 ,yyywwwyyygbgorogbgrrrgggrrrwwwyyywwwbgbrorbgbooobbbooo
3437,F2 D0 U1 ,wwwwwwyyygbborrgbbrrrgggrrrwwwyyyyyyggboorggbooobbbooo
3438,D0 U1 ,wwwwwwwwwbbbrrrbbbrrrgggrrryyyyyyyyygggooogggooobbbooo
3439,U1 ,wwwwwwwwwbbbrrrrrrrrrggggggyyyyyyyyygggooooooooobbbbbb
3440,D0 U1 R0 D0 L2 U2 B0 D0 U2 R1 ,bybowwwggrbrrrwooorwyoggyrgoywyywbbwobgooywbgygyrbgbrr
3441,U1 R0 D0 L2 U2 B0 D0 U2 R1 ,bybowwwggrbrrrwyrgrwyoggwbgbyobyywwwobgooybrrygyrbgooo
3442,R0 D0 L2 U2 B0 D0 U2 R1 ,bwgywgbowrwyrrwyrgobgoggwbgbyobyywwwygyooybrrrbrrbgooo
3443,D0 L2 U2 B0 D0 U2 R1 ,bwgywgbogyrrrrwgwyoboogywbwbyobyrwwrygyooybrrwbrgbggoo
3444,L2 U2 B0 D0 U2 R1 ,bwgywgbogyrrrrwwbwoboogybrrwbbwyyrroygyooygoowbrgbggwy
3445,U2 B0 D0 U2 R1 ,wwgwwgrogyrrrrwwbwyboggyrrrbbbyyybrooogyooygywbbgbogwo
3446,B0 D0 U2 R1 ,gorgwwgwwoogrrwwbwwbbggyrrrbbbyyybroyrryooygyybogbogwo
3447,D0 U2 R1 ,gwwgwwgwwooorrrwbbwbbggyrrrbbbyyyyyyrrroooggyggywbbooo
3448,U2 R1 ,gwwgwwgwwooorrrrrrwbbggyggyyybyybyybrrrooooooggywbbwbb
3449,R1 ,wwgwwgwwgrrrrrrrrrggyggyggyyybyybyybooooooooowbbwbbwbb
3450,B0 L1 D1 U1 B2 F1 U2 D1 F1 U1 ,ggrbwyywyrrwwrwyrbbgbygobbrwygoywoowyroroggyogoobbgrbw
3451,L1 D1 U1 B2 F1 U2 D1 F1 U1 ,wwbbwyywyrrwwroyrobgbygobbrwygoywyrgrrogoggyorbgbbowgo
3452,D1 U1 B2 F1 U2 D1 F1 U1 ,bwbywybwyrrwwroyrowgbogoybroygoywgrgogoroyrggrbybbbwgw
3453,U1 B2 F1 U2 D1 F1 U1 ,bwbywybwyrrwwrowgwwgbogoyrogwgyyroogogoroyybrrbybbbrgg
3454,B2 F1 U2 D1 F1 U1 ,byywwwbybwgbwrowgwogoogoyrogwgyyroogrbyroyybrrrwbbbrgg
3455,F1 U2 D1 F1 U1 ,goowwwbybwgywrrwgrogoogoyrogwgyyryybwbyooybbrggrbbbwrr
3456,U2 D1 F1 U1 ,goowwwwwwggywrrggroooggrooyyyryyryybwbbooybbbggrbbbwrr
3457,D1 F1 U1 ,wwwwwwoogwbbwrrggrggrggrooyyyryyryybggyooybbbooobbbwrr
3458,F1 U1 ,wwwwwwoogwbbwrrwrrggrggrggrrrbyyyyyyggyooyooyooobbbbbb
3459,U1 ,wwwwwwwwwbbbrrrrrrrrrggggggyyyyyyyyygggooooooooobbbbbb
3460,U0 B2 L2 R2 F1 L2 R1 F2 L1 D1 ,bbbywbbbyoywrrwooroogggwgygwgwgywowgyryyorworrrrgboybb
3461,B2 L2 R2 F1 L2 R1 F2 L1 D1 ,bybbwbybbrrrrrwooroywggwgygwgwgywowgoogyorworyrygboybb
3462,L2 R2 F1 L2 R1 F2 L1 D1 ,gwobwbybbrrwrryooooywggwgygwgwgywbybrogworrorbbyobgyry
3463,R2 F1 L2 R1 F2 L1 D1 ,wwogwbbbbrrwrryoooyywggwyygggwbywyybrorrowgorbbgobgyro
3464,F1 L2 R1 F2 L1 D1 ,wwwgwwbbboooyrrwrryyyggoyybggobybyybrorrowgorgbgwbgwro
3465,L2 R1 F2 L1 D1 ,wwwgwwoywooogrrgrryobygyygyrwrbybyybrobrobgobgbgwbgwro
3466,R1 F2 L1 D1 ,rwwbwwyywooogrrgrroobggyggywwrgyboybbogborborgbywbywry
3467,F2 L1 D1 ,rwwbwwyygorrorroggoowggwggwwwbgyyoyybogborborbbybbyrry
3468,L1 D1 ,rwwbwwbwwrrrrrrgggwggwggwoogyygyyoyyboobooboobbybbyrry
3469,D1 ,wwwwwwwwwrrrrrrgggggggggoooyyyyyyyyyoooooobbbbbbbbbrrr
3470,R2 L1 B2 U1 D0 L1 B1 F2 D0 B1 ,rggowwrwbybogroobwgrrygyybbgoywyyobbwywgorgoryrbgbworw
3471,L1 B2 U1 D0 L1 B1 F2 D0 B1 ,rgyowyrwbwboorgobygroyggybygogwywobbwywgorgorbrbybwrrw
3472,B2 U1 D0 L1 B1 F2 D0 B1 ,ggyywyywbwboorgobygrowggobywogwywbbbwrryoowggbrryborrr
3473,U1 D0 L1 B1 F2 D0 B1 ,bbbywyywbwbworyobwgrowggobywogwywyggyrrgoooggrrrobyrrb
3474,D0 L1 B1 F2 D0 B1 ,bybbwwbyygrooryobwyrrwggobywogwywyggrrrgoooggwbwobyrrb
3475,L1 B1 F2 D0 B1 ,bybbwwbyygrooryobyyrrwggoggywwgyogwgrrrgoorrbwbwobyobw
3476,B1 F2 D0 B1 ,yybwwwoyygrooryobyyrrggggggwwwyyowwgrobrorrgrwbbobbobb
3477,F2 D0 B1 ,rrrwwwoyygryoryobbyrrggggggwwwyyoyyowobworggrbbbbbbwoo
3478,D0 B1 ,rrrwwwwwwrryrrybbbggggggrryyyoyyoyyowoowoogggbbbbbbwoo
3479,B1 ,rrrwwwwwwrryrryrrygggggggggyyyyyyooowoowoowoobbbbbbbbb
3480,D0 B0 R0 L1 B0 F1 D0 U2 L2 B1 ,ogwowgwwgwwoorowoobbrwgyrrbbborybrryywryorggygybgbbgyy
3481,B0 R0 L1 B0 F1 D0 U2 L2 B1 ,ogwowgwwgwwoororrbbbrwgyggyrrbrybyboywryorgyygybgbbwoo
3482,R0 L1 B0 F1 D0 U2 L2 B1 ,oobowgwwgwwoorbrrybbrwgyggyrrbrybyygwwrgoroyywggobyobb
3483,L1 B0 F1 D0 U2 L2 B1 ,oorowywwyrowrrwybobbbwgbgggrroryoyywwwrgoroyyggggbybbb
3484,B0 F1 D0 U2 L2 B1 ,borwwygwyrowrrwyborbbrgbyggbroyyogywrrywoywgoggwgbobbo
3485,F1 D0 U2 L2 B1 ,wwowwygwyrowrryybgrbbrgbyggbroyyorwwrryooybgobggbbgoow
3486,D0 U2 L2 B1 ,wwowwyrryoowrrybbgbbgbggrryyyoyyorwwrryoowbggbggbbgoow
3487,U2 L2 B1 ,wwowwyrryoowrryrrybbgbggbggryywyywoorryoowoowbggbbgbbg
3488,L2 B1 ,yrrywwowwrryrryrrybggbggbggryywyywoooowoowoowbbgbbgbbg
3489,B1 ,rrrwwwwwwrryrryrrygggggggggyyyyyyooowoowoowoobbbbbbbbb
3490,R0 D1 F0 R0 D0 U1 B2 L1 R2 F0 ,bbwrwwgbogbrorwwwrryyrgyrgogoggyrobywgyyoybwwbooobgbry
3491,D1 F0 R0 D0 U1 B2 L1 R2 F0 ,bbyrwygbowogwrbrwrrygrgrrgygobgyoobbwgyyoybwwooowbgwry
3492,F0 R0 D0 U1 B2 L1 R2 F0 ,bbyrwygbowogwrbwryrygrgrrwrboboybggowgyyoyrgyooowbgbww
3493,R0 D0 U1 B2 L1 R2 F0 ,bbyrwyyyygogbrboryrrrwgyrrgwwwoybggowgbyoorgbooowbgbww
3494,D0 U1 B2 L1 R2 F0 ,bbrrwyyygobgrroybgrrwwgbrrowwboywggowgbyoorgbyooybgyww
3495,U1 B2 L1 R2 F0 ,bbrrwyyygobgrrorrorrwwgbrgbgowgywowbwgbyooywwyooybgybg
3496,B2 L1 R2 F0 ,rygbwybryrrwrrorrowgbwgbrgbgowgywowbyooyooywwobgybgybg
3497,L1 R2 F0 ,bwobwybryrryrryrrywgbwgbrgbgowgywgyroooooowwwgbygbygbo
3498,R2 F0 ,wwowwyrryrryrryrryggbggbggboowyywyyroowoowoowgbbgbbgbb
3499,F0 ,wwwwwwrrryrryrryrrgggggggggoooyyyyyyoowoowoowbbbbbbbbb
3500,R0 D0 F0 L0 D1 U2 R2 L1 B2 U1 ,gwgwwgboyrrwrrbrgowbbbgbbgwrygoyoyybrgoroygwworywbyyoo
3501,D0 F0 L0 D1 U2 R2 L1 B2 U1 ,gwbwwbbowrrrgrrobwwbgbgobgbryyoywyyorgoroygwwyrygbygoo
3502,F0 L0 D1 U2 R2 L1 B2 U1 ,gwbwwbbowrrrgrrbgbwbgbgogwwyoryyyowyrgoroygooyrygbyobw
3503,L0 D1 U2 R2 L1 B2 U1 ,gwbwwboyobrrorrwgbgbwwgbwogbgryyyowyrgyroogoryrygbyobw
3504,D1 U2 R2 L1 B2 U1 ,wwbywbyyobrrorrwgbgbwwgboogggrwyywwygrroogroyyrogbyobb
3505,U2 R2 L1 B2 U1 ,wwbywbyyobrrorrobbgbwwgbwgbryygywgwwgrroogoogyrogbyroy
3506,R2 L1 B2 U1 ,oyybwybwwgrrorrobbyrowgbwgbryygywgwwbrroogooggbwgbyroy
3507,L1 B2 U1 ,oyybwwbwwbborrorrgyrrwggwggryygyygwwbrroogoogbbwbbyooy
3508,B2 U1 ,yyywwwwwwbborrorrgrrrggggggyyyyyywwwrggrooboobbbbbbooo
3509,U1 ,wwwwwwwwwbbbrrrrrrrrrggggggyyyyyyyyygggooooooooobbbbbb
3510,U2 F1 R1 D2 U0 L1 D2 F2 B1 R2 ,worgwryyrggybrgoyggrwggwbbbrryyybooogorrowwowbwoybwybb
3511,F1 R1 D2 U0 L1 D2 F2 B1 R2 ,ryyrwgrowgorbrgoygbwoggwbbbrryyyboooggyrowwowgrwybwybb
3512,R1 D2 U0 L1 D2 F2 B1 R2 ,ryyrwggboyorrrgrygowbwgbbgbywwyyboooggwrooworgrwybwybb
3513,D2 U0 L1 D2 F2 B1 R2 ,ryyrwygbgrggoryyrrowywggbgoywbyyboobggwroowororwbbwwbb
3514,U0 L1 D2 F2 B1 R2 ,ryyrwygbgrggoryworowywggwbbboobyybwyggwrooyrrorwbbwbgo
3515,L1 D2 F2 B1 R2 ,grrbwygyyorworyworrggwggwbbboobyybwyowyrooyrrggwbbwbgo
3516,D2 F2 B1 R2 ,rrrwwywyyorworyworbggbggbbbooowyywwyyorwororygggbbbbgg
3517,F2 B1 R2 ,rrrwwywyyorworyorybggbggbggywwyywoooyorworworgggbbbbbb
3518,B1 R2 ,rrrwwywwyrrwrryrryggbggbggbyywyywoooyoowoowoogggbbbbbb
3519,R2 ,wwywwywwyrrrrrrrrrggbggbggbyywyywyywooooooooogbbgbbgbb
3520,L0 R1 B0 D2 R0 B0 F1 L0 D2 B0 ,yyobwwrrgyrgyroboygyoggbrbobwwgywwoogrwoowrrywgrbbgbyb
3521,R1 B0 D2 R0 B0 F1 L0 D2 B0 ,byogwwrrgyrgyroboyyyobgbrbogwwgywroorogrorywwwgwbbgbyb
3522,B0 D2 R0 B0 F1 L0 D2 B0 ,bybgwbrrwgoyrroyybyyobgwrbggwogybroorogrorywwogwwbgwyb
3523,D2 R0 B0 F1 L0 D2 B0 ,yobgwbrrwgoorroyyryyobgwrbggwogybrrybogyorbwwwwoybgbgw
3524,R0 B0 F1 L0 D2 B0 ,yobgwbrrwgoorrobwwyyobgwbgwyrrbygowgbogyoryyrwwoybgrbg
3525,B0 F1 L0 D2 B0 ,yoogwwrrwbrgwrowooyyrbggbggyrrbyyowwbogyoryyrwwobbgbbg
3526,F1 L0 D2 B0 ,googwwrrwbrwwrwwooyyrbggbggyrrbyybyyoogooryyrbbwbbwggo
3527,L0 D2 B0 ,googwwbwwrrwrrwyoorggyggybbgrrbyybyyoowooryyrbbwbbwggo
3528,D2 B0 ,ooowwwwwwrrwrrwyooggggggbbbrrryyyyyyyooyoorrwbbbbbbggg
3529,B0 ,ooowwwwwwrrwrrwrrwgggggggggyyyyyyrrryooyooyoobbbbbbbbb
3530,R0 D1 L0 R0 B2 F2 D1 B0 F1 R1 ,bbwgwrgyoyyryrgwrooobrgbywggbroygggwywwoowobrbrrobwbyy
3531,D1 L0 R0 B2 F2 D1 B0 F1 R1 ,bbbgwbgygwyyrryogroorrggywwgbboyoggbywwoowobrorrrbwwyy
3532,L0 R0 B2 F2 D1 B0 F1 R1 ,bbbgwbgygwyyrrywyyoorrggogrbobbyggogywwoowywworrrbwobr
3533,R0 B2 F2 D1 B0 F1 R1 ,rbbwwbrygwyyrrywyyborgggggroobrygoogyoywowwwworgrbbobb
3534,B2 F2 D1 B0 F1 R1 ,rbrwwgryrwrwyryyyybobggggggoooryroooyoywowwwwgrgbbbbbb
3535,F2 D1 B0 F1 R1 ,ooowwgryrwrwyrwyyybobggggggoooryrrbryoyyowwwwbbbbbbgrg
3536,D1 B0 F1 R1 ,ooowwgooowrwwrwyyyggggggbobryrryrrbryoyyoywwwbbbbbbgrg
3537,B0 F1 R1 ,ooowwgooowrwwrwgrgggggggyyyrrryybrrryoyyoybobbbbbbbwww
3538,F1 R1 ,wwgwwgooowrrwrrgrrggggggyyyrrryybyybooyooyoobwbbwbbwbb
3539,R1 ,wwgwwgwwgrrrrrrrrrggyggyggyyybyybyybooooooooowbbwbbwbb
3540,U1 F2 R0 D1 L1 F1 B0 U0 R2 D0 ,oogrwobbwgbrbrbywgryowgwrggbooryoowybywgogbgywywrbyrry
3541,F2 R0 D1 L1 F1 B0 U0 R2 D0 ,gowowborbryobrbywgbywwgwrggbooryoowywywgogbgygbrrbyrry
3542,R0 D1 L1 F1 B0 U0 R2 D0 ,gowowboobyyogrbwwgggrwgwwybbroryoowywyygobbgrgbrrbyrry
3543,D1 L1 F1 B0 U0 R2 D0 ,gorowwoobwgywrygboggowgowyybrrryrowgwyygobbgrbbrbbywry
3544,L1 F1 B0 U0 R2 D0 ,gorowwoobwgywrywryggowgogborrgrywbrowyygobwyybbrbbybgr
3545,F1 B0 U0 R2 D0 ,gorwwwgobwgywrywryrgorgobborrgyywrroybyyoywgwbbobbobgg
3546,B0 U0 R2 D0 ,gorwwwwwwggyrryrryoooggbrrbyywyywrroybbyoowggbbobbobgg
3547,U0 R2 D0 ,yyywwwwwwggorrrrrroooggbrrbyywyywyywrbbooogggbbbgbbgoo
3548,R2 D0 ,wwywwywwybbbrrrrrrggoggbrrbyywyywyywoooooogggrbbgbbgoo
3549,D0 ,wwwwwwwwwrrrrrrbbbggggggrrryyyyyyyyyoooooogggbbbbbbooo
3550,F0 R0 L0 D2 F2 R0 U0 F1 D2 L1 ,rwoowgorgyowyrroyrwbogggggbwwyyybrbgbwgborborbryybwyow
3551,R0 L0 D2 F2 R0 U0 F1 D2 L1 ,rwoowgrrgoowrrrgyrggwggbbgooyyyybrbgbwwbowboybryybwyow
3552,L0 D2 F2 R0 U0 F1 D2 L1 ,rwwowbrrogroyrorrwggyggbbggoyyyyyrbbbwwbowboygrygbwoow
3553,D2 F2 R0 U0 F1 D2 L1 ,wwwwwbyrogroyrorrwrgyogbrgggyygyybbbbbboowywwgrrgbyooo
3554,F2 R0 U0 F1 D2 L1 ,wwwwwbyrogroyroywwrgyogbooobbbyygyygbbboowrrwgrrgbyrgg
3555,R0 U0 F1 D2 L1 ,wwwwwbbbbwrowrobwwooobgoygroryyygyygbbyooyrrggrrgbyrgg
3556,U0 F1 D2 L1 ,wwowwobbrbwwwrrwooooybggyggorryygyygbbyooyrrgbrrbbywgg
3557,F1 D2 L1 ,bwwbwwroobrrwrrwoobwwbggyggorryygyygooyooyrrgbbybbywgg
3558,D2 L1 ,bwwbwwbwwrrrrrrooowggwggbbyyygyygyygoooooorrrbbybbywgg
3559,L1 ,bwwbwwbwwrrrrrrrrrwggwggwgggyygyygyyooooooooobbybbybby
3560,U0 F2 D2 L1 B1 R0 F0 D1 R2 L2 ,wgggwogbbogrorwrwyywyygyybbgrwoygoobgyoborwwrwrorbyrbb
3561,F2 D2 L1 B1 R0 F0 D1 R2 L2 ,ggwbwgbogwroorwrwyogrygyybbgrwoygoobywyborwwrgyorbyrbb
3562,D2 L1 B1 R0 F0 D1 R2 L2 ,ggwbwgwrgrrorrwywybbyygyrgogoboygoobywrboowwwgyorbyrbb
3563,L1 B1 R0 F0 D1 R2 L2 ,ggwbwgwrgrrorrwwwwbbyygyrbbboogyobogywrbooywygyorbyrgo
3564,B1 R0 F0 D1 R2 L2 ,bgwywgrrgrrorrwwwwbbyggybbboooyyooogroywowybygywrbbrgg
3565,R0 F0 D1 R2 L2 ,ywrywgrrgrrbrrgwwwbbyggybbboooyyowwoooyoowgbywbgybggrr
3566,F0 D1 R2 L2 ,ywyywyrrbwrrwrrwgbbboggobbooogyyywwwooyoowgbygbggbgrrr
3567,D1 R2 L2 ,ywyywyywyrrrrrrbgbbgbbgbooowwwyyywwwoooooogbggbggbgrrr
3568,R2 L2 ,ywyywyywyrrrrrrrrrbgbbgbbgbwywwywwywooooooooogbggbggbg
3569,L2 ,ywwywwywwrrrrrrrrrbggbggbggwyywyywyyooooooooobbgbbgbbg
3570,B2 R1 F0 D1 U0 F2 D0 U2 L2 B1 ,gowwwgywbryobrobybbbwrgrrgrgrywyboyorgorowyowgbygbywog
3571,R1 F0 D1 U0 F2 D0 U2 L2 B1 ,oyowwgywbryybrrbyrbbwrgrrgrgrywybwogbgooowoowgowybgybg
3572,F0 D1 U0 F2 D0 U2 L2 B1 ,oyywwyywgyrryryrbbbborggrgbgrwwyrworbgooowoowgowbbgybg
3573,D1 U0 F2 D0 U2 L2 B1 ,oyywwywwoyrrwrygbbrrbggbbgoryywyrworbggooroowgowbbgybg
3574,U0 F2 D0 U2 L2 B1 ,oyywwywwoyrrwryybgrrbggbgbbyrryyorwwbggoorbgogowbbgoow
3575,F2 D0 U2 L2 B1 ,wwowwyoyygowwryybgyrrggbgbbyrryyorwwrrboorbgobggbbgoow
3576,D0 U2 L2 B1 ,wwowwyrryoowrrybbgbbgbggrryyyoyyorwwrryoowbggbggbbgoow
3577,U2 L2 B1 ,wwowwyrryoowrryrrybbgbggbggryywyywoorryoowoowbggbbgbbg
3578,L2 B1 ,yrrywwowwrryrryrrybggbggbggryywyywoooowoowoowbbgbbgbbg
3579,B1 ,rrrwwwwwwrryrryrrygggggggggyyyyyyooowoowoowoobbbbbbbbb
3580,F0 L0 R0 F2 B2 U1 L2 B0 R1 F1 ,yrbywgybybywgrryyroooggwowrbogbyboywrrggorgwwrwbbbogow
3581,L0 R0 F2 B2 U1 L2 B0 R1 F1 ,yrbywgwrgyywbrryyrogowgorwoygbbyboywrrbgoogwgrwbbbogow
3582,R0 F2 B2 U1 L2 B0 R1 F1 ,wrbowgbrgyywbrryyrygoygowwoogbwybrywggrworgobrwobbbgoy
3583,F2 B2 U1 L2 B0 R1 F1 ,wroowobroybyyryrrwygbygbwwwoggwybryrggrworgobgwogbbboy
3584,B2 U1 L2 B0 R1 F1 ,wroowoggobbyrryrrwwwwbgybgyorbwybryrggrwoygoygwogbbboy
3585,U1 L2 B0 R1 F1 ,ryrowoggobbgrrwrrgwwwbgybgyorbwyborwwgryoyyoyyobbbgowg
3586,L2 B0 R1 F1 ,rooywgrogwwwrrwrrgwgrbgybgyorbwyborwyobyoyyoybbgbbgowg
3587,B0 R1 F1 ,ooowwgoogwwwrrwrrgggrggyggyrrbyybrrwyoyyoyboybbbbbboww
3588,R1 F1 ,wwgwwgoogwwwrrrrrrggrggyggyrrbyybyybooyooyooyobbwbbwbb
3589,F1 ,wwwwwwooowrrwrrwrrgggggggggrrryyyyyyooyooyooybbbbbbbbb
3590,D1 F2 U0 L1 F1 B1 U1 R0 L1 F1 ,wwwrwoyrogwrgrybbbrwyrgogryogooyoygorybyobrywbbgbbgwwg
3591,F2 U0 L1 F1 B1 U1 R0 L1 F1 ,wwwrwoyrogwrgrywwgrwyrgobbbooogygooyrybyobgrybbgbbgryw
3592,U0 L1 F1 B1 U1 R0 L1 F1 ,wwwrwooooywrbrybwgbbbogrywrorygygooyrywyoggrgbbgbbgryw
3593,L1 F1 B1 U1 R0 L1 F1 ,orwowwoowbbgbrybwgywrogrywrorygygooybbbyoggrgrywbbgryw
3594,F1 B1 U1 R0 L1 F1 ,yrwowwyowbbgbrybwgowrggrowrwrygygwoybggborbygryobboryo
3595,B1 U1 R0 L1 F1 ,yrwowwbbbybgrrywwgrrrwgwogogrggygwoybgwboobyyryobboryo
3596,U1 R0 L1 F1 ,bbbowwbbbybyrrrwwwrrrwgwogogrggyggygwgwoooyyyoooybyrbr
3597,R0 L1 F1 ,bwbbwbbobrrrrrrwwwwgwwgwogogrggyggygooooooyyyybyybyrbr
3598,L1 F1 ,bwwbwwboowrrwrrwrrwggwggogggrrgyygyyooooooyyybbybbybbr
3599,F1 ,wwwwwwooowrrwrrwrrgggggggggrrryyyyyyooyooyooybbbbbbbbb
3600,B1 F1 L0 R0 D0 L2 U2 D2 L2 B2 ,bgbgwbgbgooryrwbrbwwwogbyywoorbygrrooorwowgrgyyyrbgwyy
3601,F1 L0 R0 D0 L2 U2 D2 L2 B2 ,gwogwbgbgoobyrgbrbwwwogbyywoorbygbwrrorroworgygyybyyrw
3602,L0 R0 D0 L2 U2 D2 L2 B2 ,gwogwboybroborgorbwbwwgywoyrwgbygbwrrogroborgygyybyyrw
3603,R0 D0 L2 U2 D2 L2 B2 ,wwoywbyybroborgorbgbwggyooywwgwygwwrorrroogbgygbybbyrr
3604,D0 L2 U2 D2 L2 B2 ,wwwywyyyyoorrrobgbgbggggoorwwywyywwyorrroogbgbgbbbborr
3605,L2 U2 D2 L2 B2 ,wwwywyyyyoorrrooorgbgggggbgwwwwywyyyorrrooorrbgbbbbbgb
3606,U2 D2 L2 B2 ,wwwwwyyyyoorrrooorbbgbggbbgwwwyywyyyrrooorrrobggbbgbgg
3607,D2 L2 B2 ,yyyywwwwwrrorrooorbggbggbbgwwwyywyyyooroorrrobbgbbgbgg
3608,L2 B2 ,yyyywwwwwrrorrorrobggbggbggyyywyywwwoorooroorbbgbbgbbg
3609,B2 ,yyywwwwwwrrorrorrogggggggggyyyyyywwwroorooroobbbbbbbbb
3610,U1 F2 L2 R1 U1 F0 D2 L2 B0 F2 ,byyywyobwoobrrbowggrbwggwrgbwwoybrwrobyyooggrrryobgwgy
3611,F2 L2 R1 U1 F0 D2 L2 B0 F2 ,yywywbbyogrbrrbowgobywggwrgbwwoybrwrrryyooggroobobgwgy
3612,L2 R1 U1 F0 D2 L2 B0 F2 ,yywywbwwbrrborbywggrwggwybooyboybrwrrroyorgggoobobgwgy
3613,R1 U1 F0 D2 L2 B0 F2 ,oywowbrwbrrborbywgyrwggwbboyybyybwwrgggroyorrooyobgwgg
3614,U1 F0 D2 L2 B0 F2 ,oywoworwobbgrrwroyyrwggbbbbyywyywwwogggroyorrroybbgbgg
3615,F0 D2 L2 B0 F2 ,wooywwooryrwrrwroygggggbbbbyywyywwworoyroyorrbbgbbgbgg
3616,D2 L2 B0 F2 ,wooywwryyorworwroybggbggbbgrryyywwworoyroyorwbbgbbgbgg
3617,L2 B0 F2 ,wooywwryyorworworwbggbggbggowwwyyyrrroyroyroybbgbbgbbg
3618,B0 F2 ,ooowwwyyyorworworwgggggggggwwwyyyrrryoryoryorbbbbbbbbb
3619,F2 ,wwwwwwyyyorrorrorrgggggggggwwwyyyyyyoorooroorbbbbbbbbb
3620,U1 L0 R2 F0 U2 B2 F2 U2 B2 R0 ,ybbowybgrygorryrryrrgygywwwgrgbybgworgwoooooowwbbbwbgy
3621,L0 R2 F0 U2 B2 F2 U2 B2 R0 ,byrbwgyobrrgrryrryrgwygywwwgrgbybgwowwbooooooygobbwbgy
3622,R2 F0 U2 B2 F2 U2 B2 R0 ,yyrwwgoobrrgrryrrybgwbgyywwrrgyybwwooowoowoobyggbbbbgg
3623,F0 U2 B2 F2 U2 B2 R0 ,yygwwboooyrryrrgrrbgbbgbywyrrryygwwboowoowoobwggybbwgg
3624,U2 B2 F2 U2 B2 R0 ,yygwwbbwworrorrorrybbwggybbgyyyygwwboorooroorwggybbwgg
3625,B2 F2 U2 B2 R0 ,wwbbwwgyyoororrorrwggwggybbgyyyygwwborrooroorybbybbwgg
3626,F2 U2 B2 R0 ,bwwbwwgyyooooroorowggwggybbgyyyygbwwrrrrorrorggwbbybby
3627,U2 B2 R0 ,bwwbwwyygroorrorrobbyggwggwyygyygbwwrroroorooggwbbybby
3628,B2 R0 ,gyywwbwwbrrorrorroggwggwggwyygyygbwwroorooroobbybbybby
3629,R0 ,wwbwwbwwbrrrrrrrrrggwggwggwyygyygyygoooooooooybbybbybb
3630,L1 F0 U1 L0 B0 R0 U1 F2 D0 R2 ,gbbwworbgrbwwrwwoobwyygggyowggrygbbbyryyorogrrrooboyyw
3631,F0 U1 L0 B0 R0 U1 F2 D0 R2 ,bbbywogbgrbwwrwwoowwyrggbyowggoygobbyrrrogyyorrrobwyyg
3632,U1 L0 B0 R0 U1 F2 D0 R2 ,bbbywoogrgbwbrwgoobrwygwogywwroygobbyrwrogyygrrrobwyyg
3633,L0 B0 R0 U1 F2 D0 R2 ,borbwgbyobrwbrwgooyrwygwogywwroygobbrrrrogyyggbwobwyyg
3634,B0 R0 U1 F2 D0 R2 ,gorwwgwyobrwbrwgoobrwbgwbgyywryygobbyrryorggrgbooboyyw
3635,R0 U1 F2 D0 R2 ,wwowwgwyobrbbrbgoobrwbgwbgyywryygyygrrroorggryogybbwoo
3636,U1 F2 D0 R2 ,wwwwwwwyygbborrobbbrrbggbggywwyyyyyyrrroorggrooggbbooo
3637,F2 D0 R2 ,wwywwywwwbrrorrobbrrrbggbggywwyyyyyyoogoorggrgbbgbbooo
3638,D0 R2 ,wwywwywwyrrrrrrgbbggbggbrrrwwwyyyyyyooooooggbgbbgbbooo
3639,R2 ,wwywwywwyrrrrrrrrrggbggbggbyywyywyywooooooooogbbgbbgbb
3640,F2 U2 B0 R2 U0 F0 B1 D1 F1 B0 ,bwwrwwgyyobborwggbrggrggbbroowrywgyrrgyyoywbyoowrbbyoo
3641,U2 B0 R2 U0 F0 B1 D1 F1 B0 ,bwwrwwwooybbyrwygbrbbggrggryygrywgyrrggyoowbooowrbbyoo
3642,B0 R2 U0 F0 B1 D1 F1 B0 ,oowwwrwwbrggyrwygboowggrggryygrywgyrybbyoowborbbrbbyoo
3643,R2 U0 F0 B1 D1 F1 B0 ,gwbwwrwwbrgryryyggoowggrggryygrywyywwbbooooboyrrobbobb
3644,U0 F0 B1 D1 F1 B0 ,gwgwwwwwwggyyryrgroooggoggyyybryryybwbbooooborrrrbbwbb
3645,F0 B1 D1 F1 B0 ,wwgwwwwwgrrryryrgrggyggoggyyybryryybooooooobowbbrbbwbb
3646,B1 D1 F1 B0 ,wwgwwwooowrrwryggrggggggyoyryrryryybooyooyobbwbbrbbwbb
3647,D1 F1 B0 ,ooowwwooowrwwrwgggggggggyoyryrryrryryoyyoybbbbbbbbbwrw
3648,F1 B0 ,ooowwwooowrwwrwwrwgggggggggrrryyyrrryoyyoyyoybbbbbbbbb
3649,B0 ,ooowwwwwwrrwrrwrrwgggggggggyyyyyyrrryooyooyoobbbbbbbbb
3650,B2 F0 D0 B2 L1 R1 D1 U1 B2 F0 ,ogybwgggwoyrbrbyoboobrgorrgggoyywryryrwbowbowgwbybwyrw
3651,F0 D0 B2 L1 R1 D1 U1 B2 F0 ,ryrbwgggwoybbrbyoyoobrgorrgggoyywygobrwbowrowwrywbybwg
3652,D0 B2 L1 R1 D1 U1 B2 F0 ,ryrbwgwwwgybgrbwoyrrorgogobyboyywygobrgbogroowrywbybwg
3653,B2 L1 R1 D1 U1 B2 F0 ,ryrbwgwwwgybgrbgobrrorgorooyyygybowobrgbogbwgwrywbywoy
3654,L1 R1 D1 U1 B2 F0 ,owobwgwwwgybgrbgobrrorgorooyyygybryrbrgbogbwgyowybwyrw
3655,R1 D1 U1 B2 F0 ,rworwgrwwgybgrbgobyroggoroowyywybwyrgggrowbbbyowybbyro
3656,D1 U1 B2 F0 ,rwyrwyrwybbbyrogggyrogggrowwyowyowyogggrowbbbrowbbbyro
3657,U1 B2 F0 ,rwyrwyrwybbbyroyroyroggggggoooyyywwwgggrowrowrowbbbbbb
3658,B2 F0 ,yyywwwrrryroyroyrogggggggggoooyyywwwrowrowrowbbbbbbbbb
3659,F0 ,wwwwwwrrryrryrryrrgggggggggoooyyyyyyoowoowoowbbbbbbbbb
3660,F1 R1 B1 D0 L1 F1 D2 R1 L2 U1 ,bbbgwryoogwyorrgbrgyyggbbywwgoryyrrwrorwowyyoowwgbogbb
3661,R1 B1 D0 L1 F1 D2 R1 L2 U1 ,bbbgwrgogowygrrwbrybwygyggbrworyyrrwroowooyyyowwgbogbb
3662,B1 D0 L1 F1 D2 R1 L2 U1 ,bbggwggooyrrwrbogwybbygrgggrwwryyrrbroowooyyywwwyboobb
3663,D0 L1 F1 D2 R1 L2 U1 ,ywrgwggooyrbwrboggybbygrgggrwwryywbrrooroobyywobwbbwyo
3664,L1 F1 D2 R1 L2 U1 ,ywrgwggooyrbwrbgggybbygrbyywrrbywrywrooroowyowobwbbogg
3665,F1 D2 R1 L2 U1 ,ywrywgbooyrbwrbgggwbbbgrryygrrbywbywoooooyrrwwogwbgogy
3666,D2 R1 L2 U1 ,ywrywgywgrrbrrbgggbrybgywbroywbywbywoooooorrbwogwbgogy
3667,R1 L2 U1 ,ywrywgywgrrbrrbrrbbrybgyogywybwybwyooooooogggwogwbgwbr
3668,L2 U1 ,ywwywwywwbbbrrrrrrbrrbggoggwyywyywyyoooooogggoogbbgbbr
3669,U1 ,wwwwwwwwwbbbrrrrrrrrrggggggyyyyyyyyygggooooooooobbbbbb
3670,R1 B1 U0 L0 R2 F2 U1 D0 R1 B1 ,wowwwwyywbrgbryoybrrrygryrgogwbyorgyoobooggwgrgbbbbowy
3671,B1 U0 L0 R2 F2 U1 D0 R1 B1 ,woowwbyyrgybrrybborrwygwyrwogrbyrrggoobooggwgygbobbwwy
3672,U0 L0 R2 F2 U1 D0 R1 B1 ,goowwbyyrgywrrobborrwygwyrwogrbyroybrobgoggwgbbygbwyow
3673,L0 R2 F2 U1 D0 R1 B1 ,ywgyworbobbyrrobbogywygwyrwogrbyroybrrwgoggwgrobgbwyow
3674,R2 F2 U1 D0 R1 B1 ,wwgwwobbobbyrrobboyywygwrrwggryyryybggrworggwroogbbyoo
3675,F2 U1 D0 R1 B1 ,wwrwwrbbbobborrybbyyyyggrrrgggyyoyyoggrworggwwoowbbwoo
3676,U1 D0 R1 B1 ,wwrwwrgggwbbrrrrbbrrrggyyyybbbyyoyyoggywooggowoowbbwoo
3677,D0 R1 B1 ,rrgwwgwwgrrrrrrrbbggyggyyyybbbyyoyyowoowooggowbbwbbwoo
3678,R1 B1 ,rrgwwgwwgrrrrrryyyggyggyggoyybyyboobwoowoowoowbbwbbrbb
3679,B1 ,rrrwwwwwwrryrryrrygggggggggyyyyyyooowoowoowoobbbbbbbbb
3680,U1 B1 R2 U0 D2 B0 U2 L2 R2 U0 ,bowywrwwgrbowrygrwbbybgobgoorywywbygwrryoorgyggogborby
3681,B1 R2 U0 D2 B0 U2 L2 R2 U0 ,wrgowwbywbbywrygrwwrrbgobgoorywywbygggoyoorgyrbogborby
3682,R2 U0 D2 B0 U2 L2 R2 U0 ,rygowwbywbbwwrrgrgwrrbgobgoorywywwyybgoyooggyooybbbrgr
3683,U0 D2 B0 U2 L2 R2 U0 ,ryyowwbyygrgrrwwbbwrrbgbbgoorgwywwywbgoyooggyooyobbrgr
3684,D2 B0 U2 L2 R2 U0 ,borywyywyooyrrwwbbgrgbgbbgoorgwywwywwrryooggybgoobbrgr
3685,B0 U2 L2 R2 U0 ,borywyywyooyrrwggygrgbgbrgrwywwywgrowrryoowbbbgoobbbgo
3686,U2 L2 R2 U0 ,ywyywyywyooorrrggggrgbgbrgrwywwywwywrrrooobbbbobgbgobo
3687,L2 R2 U0 ,ywyywyywyrrrrrrgggbobbgbrgrwywwywwywoooooobbbgrggbgobo
3688,R2 U0 ,wwywwywwyrrrrrrgggoobggbggryywyywyywbbboooooogrrgbbobb
3689,U0 ,wwwwwwwwwgggrrrrrroooggggggyyyyyyyyybbboooooorrrbbbbbb
3690,F2 U2 L0 D2 R1 U2 B0 R2 U2 L0 ,yowbwyorryorwrrboowgggggrbogwwbybbyborgroorywbwgwbyygy
3691,U2 L0 D2 R1 U2 B0 R2 U2 L0 ,yowbwywwgwororrgooobrgggggwrrobybbyborbrowryybwgwbyygy
3692,L0 D2 R1 U2 B0 R2 U2 L0 ,gwwywbwoyorborrgoobwggggggwrrobybbybworrowryyobrwbyygy
3693,D2 R1 U2 B0 R2 U2 L0 ,ywwywbroyorborrgoogwgyggwgwbrogybgybrrwyooywrobbwbbygr
3694,R1 U2 B0 R2 U2 L0 ,ywwywbroyorborrywrgwgyggygrbygbygorbrrwyoogooobbwbbwgw
3695,U2 B0 R2 U2 L0 ,ywwywwroobrrrrwooygwwygbygybygbygorrrrwyoogoobbbgbbggw
3696,B0 R2 U2 L0 ,oorwwywwyrrwrrwooybbbygbygybygbygorrbrryoogoogwwgbbggw
3697,R2 U2 L0 ,wwywwywwyrrrrrrooobbbygbygybygbygbygrrrooooooggggbwwbw
3698,U2 L0 ,wwgwwgwwgooorrrrrrbbwyggyggbyybyybyyrrrooooooyggbbwbbw
3699,L0 ,gwwgwwgwwrrrrrrrrryggyggyggbyybyybyyooooooooobbwbbwbbw
3700,B2 D2 R0 F0 D0 U0 F0 B0 U2 D0 ,owwowgbyyrwogrybggwrbrgrrgwyyrbyoywrgbobowoyggbyobrwob
3701,D2 R0 F0 D0 U0 F0 B0 U2 D0 ,rwyowgbyyrwogrbbggwrbrgrrgwyyrbyowwogboyowoygbowrboybg
3702,R0 F0 D0 U0 F0 B0 U2 D0 ,rwyowgbyyrwogrboygwrbrgrybgowwoybryygboyowbggbowrborgw
3703,F0 D0 U0 F0 B0 U2 D0 ,rwbowrbygogryrwgbowrwrgbybyowroyrrybgboyowbggyowgboygw
3704,D0 U0 F0 B0 U2 D0 ,rwbowrgwobgryrwgboyrwbgrybwgyooyrrybgboyowbgryowgboygw
3705,U0 F0 B0 U2 D0 ,rwbowrgwobgryrwybwyrwbgrbgrrogyyybrogboyowygwyowgbogbo
3706,F0 B0 U2 D0 ,gorwwworbyowyrwybwbgrbgrbgrrogyyybroyrwyowygwgbogbogbo
3707,B0 U2 D0 ,gorwwwwwwoowrrwbbwbbbgggrrryyyyyybroyrryooygggbogbogbo
3708,U2 D0 ,wwwwwwwwwooorrrbbbbbbgggrrryyyyyyyyyrrroooggggggbbbooo
3709,D0 ,wwwwwwwwwrrrrrrbbbggggggrrryyyyyyyyyoooooogggbbbbbbooo
3710,F1 L1 B2 F2 L1 U2 B0 R0 D2 F0 ,gobbwwyogooryrrbybggwbgbbborrwwyggrywwrwooorwyyrybgogy
3711,L1 B2 F2 L1 U2 B0 R0 D2 F0 ,gobbwwoybworrrrrybwboggbgbbrowwyggrywwgwoooryyyrybgogy
3712,B2 F2 L1 U2 B0 R0 D2 F0 ,wobgwwgybworrrrrybrbowgbgbbyowgygrrygoyworwwoyyoybbogg
3713,F2 L1 U2 B0 R0 D2 F0 ,yrrgwwgybwowrrwrygrbowgbgbbyowgygbowboyrorrwoggobbyoyy
3714,L1 U2 B0 R0 D2 F0 ,yrrgwwwoyoowrrwyygbbgbgwobrbyggygbowborrorrwwggobbyoyy
3715,U2 B0 R0 D2 F0 ,brrbwwooyoowrrwyygbbgggwbbryygyygoowrrwoowbrrggwbbgoyy
3716,B0 R0 D2 F0 ,yoowwbrrbrrwrrwyygggwggwbbryygyygoowoowoowbrrbbgbbgoyy
3717,R0 D2 F0 ,wwgwwbrrbrrwrroyyoggwggwbbryygyygooboowoowyrrobbybbygg
3718,D2 F0 ,wwwwwwrrryrryrroowggggggbbbyyyyyyooooowoowyrrbbbbbbggg
3719,F0 ,wwwwwwrrryrryrryrrgggggggggoooyyyyyyoowoowoowbbbbbbbbb
3720,R2 U1 D1 F1 R1 B0 F2 D1 L0 F2 ,ogwowgyyrgwrrrbrwbbowggwwbygybryoyboggoyoyrbobryobrwwg
3721,U1 D1 F1 R1 B0 F2 D1 L0 F2 ,ogbowoyyobwrbrrrwgbowggowbbgywrygybrggoyoyrboyrywbrwwg
3722,D1 F1 R1 B0 F2 D1 L0 F2 ,boogwyooybowbrrrwgggoggowbbgywrygybryryyoyrbobwrwbrwwg
3723,F1 R1 B0 F2 D1 L0 F2 ,boogwyooybowbrrwwgggoggorwgwgryybgryyryyoywbbbwrwbrrbo
3724,R1 B0 F2 D1 L0 F2 ,boogwybbwrowgrrwwgoogggwggryybyybgryyryyoowbobwrwbrrbo
3725,B0 F2 D1 L0 F2 ,borgwwbbbwrgorwrgwoooggyggwyygyywgrryryyoowboywrbbrbbo
3726,F2 D1 L0 F2 ,gwwgwwbbbwrrorrrggoooggyggwyygyywyywrryooobbobbybbworr
3727,D1 L0 F2 ,gwwgwwgyyorrorryggwggyggooobbbyywyywrrrooobbwbbybbworr
3728,L0 F2 ,gwwgwwgyyorrorrorrwggyggyggbwwbyybyyrrroooooobbybbwbbw
3729,F2 ,wwwwwwyyyorrorrorrgggggggggwwwyyyyyyoorooroorbbbbbbbbb
3730,D1 F0 R2 L2 D2 R1 B0 F1 R1 U0 ,rogrwybrwoorgrrgbbygbggwybwoworyyyoywwryoorygwbbbbgowg
3731,F0 R2 L2 D2 R1 B0 F1 R1 U0 ,rogrwybrwoorgrrowgygbggwgbboyywyoorywwryooybwwbbbbgryg
3732,R2 L2 D2 R1 B0 F1 R1 U0 ,rogrwyworborrrrwwgggybggbwbogowyoorywwoyoyybywbbbbgryg
3733,L2 D2 R1 B0 F1 R1 U0 ,roorwowoygwwrrrrobggrbgbbwwoggwyyorrwwoyoyybybbbgbgyyg
3734,D2 R1 B0 F1 R1 U0 ,ooowwoooygwwrrrrobggrggbbwwrggryywrrybyyoyowwbbbgbbyyg
3735,R1 B0 F1 R1 U0 ,ooowwoooygwwrrrowwggrggbyygrrwyyrggrybyyoyrobbbbgbbbww
3736,B0 F1 R1 U0 ,oobwwgoobwrwwrwgroggoggoyyyrrryybgggybyyoyrobrbbrbbwww
3737,F1 R1 U0 ,wwowwgoobwrgwrggrgggoggoyyyrrryybyyrbbyooyoobwrrwbbwbb
3738,R1 U0 ,wwowwgwwgrrgrrgrrgooyggyggyyybyybyyrbbboooooowrrwbbwbb
3739,U0 ,wwwwwwwwwgggrrrrrroooggggggyyyyyyyyybbboooooorrrbbbbbb
3740,L2 B1 R2 L1 F0 U2 D1 F0 R0 B2 ,byobwoyyogggrrgbowggywgyrgywwobywwbbyyroorgrbworrbbowr
3741,B1 R2 L1 F0 U2 D1 F0 R0 B2 ,wyobwowyogggrrgbowrgybgyrgybwobywybbbrgrooryyworrbwowg
3742,R2 L1 F0 U2 D1 F0 R0 B2 ,rrbbwowyoggwrryboorgybgyrgybwobywwggyrgboobyyrwgobwwro
3743,L1 F0 U2 D1 F0 R0 B2 ,rrobwwwygoobyrrwggrgwbgorgrbwbbyowgoyrgboobyyywgybwyro
3744,F0 U2 D1 F0 R0 B2 ,rrobwwrygoobyrrwggbgwbgowgrowbwyoggogoyroyybbywwybbyrr
3745,U2 D1 F0 R0 B2 ,rrobwwbyyrobyrrgggwbbgggrowwyowyoggogoorowybbywwybbyrr
3746,D1 F0 R0 B2 ,yybwwborrgooyrrgggywwgggrowwyowyoggorobrowybbwbbybbyrr
3747,F0 R0 B2 ,yybwwborrgooyrryrrywwggggggoooyygwwgrobrowrowwbbybbybb
3748,R0 B2 ,yybwwbwwbooorrrrrrggyggwggwyygyygwwgroorooroowbbybbybb
3749,B2 ,yyywwwwwwrrorrorrogggggggggyyyyyywwwroorooroobbbbbbbbb
3750,R0 B0 L2 F1 R0 U2 D1 R2 U1 L1 ,ggbywrwobwwyrrrybrbwoyggbwryggyyowgwybrwooorrooobbbgyg
3751,B0 L2 F1 R0 U2 D1 R2 U1 L1 ,ggoywgworyrwbrwrrybwgygobwwyggyybwgoybrwooorrboorbbbyg
3752,L2 F1 R0 U2 D1 R2 U1 L1 ,wwyywgworyrobrgrrwbwgygobwwyggyybywoobrgoogrrbrbybogbo
3753,F1 R0 U2 D1 R2 U1 L1 ,ywyywgyoryrobrgrrwowgogobwwwggyybwworrgoogrbobrbybygbb
3754,R0 U2 D1 R2 U1 L1 ,ywyywgybrgrogrgwrwgowwgwoobggoyybwworrrooorbybrbybygbb
3755,U2 D1 R2 U1 L1 ,ywwywwybbwggrrrwgogoowgbooogggyyywwbrrrooorbyrrbgbyybb
3756,D1 R2 U1 L1 ,bbywwywwyrrrrrrwgorrbwgbooogggyyywwbwggooorbygoogbyybb
3757,R2 U1 L1 ,bbywwywwyrrrrrrybbrrbwgbwgogybgywgywwggoooooogoogbyrby
3758,U1 L1 ,bbbwwwwwwbbyrrrrrrrrrwggwgggyygyygyywggooooooooobbybby
3759,L1 ,bwwbwwbwwrrrrrrrrrwggwggwgggyygyygyyooooooooobbybbybby
3760,R0 L1 U0 R0 D2 B1 U2 D2 L2 F2 ,ggogwyrwworybroborbrbrgwogwyrrbyygywryyoobwobgwygbwgbo
3761,L1 U0 R0 D2 B1 U2 D2 L2 F2 ,ggbgwwrwwbboorrroybrrrgyogwyrgbyggygryyoobwobwwyybwobo
3762,U0 R0 D2 B1 U2 D2 L2 F2 ,bgbrwwowwbboorrroyyrrbgyggworgwygyygybbyoorowwwrybgobg
3763,R0 D2 B1 U2 D2 L2 F2 ,orbwwgwwbwwrorrroybbobgyggworgwygyygyrryoorowybbybgobg
3764,D2 B1 U2 D2 L2 F2 ,orowwywwwroworwyrrbbgbgggggorowyyyyyyrryoorowbbbgbgbbg
3765,B1 U2 D2 L2 F2 ,orowwywwwroworwrowbbgbggbbgyyyyyworoyrryooyrrbbbgbgggg
3766,U2 D2 L2 F2 ,yyywwywwwrooorrroobbgbggbbgyyyyywwwworrrooorrbggbbgbgg
3767,D2 L2 F2 ,wwwywwyyyorrorrroobggbggbbgyyyyywwwwroorooorrbbgbbgbgg
3768,L2 F2 ,wwwywwyyyorrorrorrbggbggbggwwwwyyyyyroorooroobbgbbgbbg
3769,F2 ,wwwwwwyyyorrorrorrgggggggggwwwyyyyyyoorooroorbbbbbbbbb
3770,D1 L1 R2 D1 B1 U0 F2 L0 U0 D1 ,rrwgwwbgoyooyrbooryobwgrgrwwgbyybyygwwrworggrgbbybbyoo
3771,L1 R2 D1 B1 U0 F2 L0 U0 D1 ,rrwgwwbgoyooyrbyooyobwgroorbbggyywyywwrworgrwgbbybbggr
3772,R2 D1 B1 U0 F2 L0 U0 D1 ,yrwwwwogoyooyrbyoobobggrworrbgbyybyyrrwworwwggbbybgggr
3773,D1 B1 U0 F2 L0 U0 D1 ,yrgwwyogyooybryooybogggywogrbwbywbyorrwworwwgrbbrbgbgr
3774,B1 U0 F2 L0 U0 D1 ,yrgwwyogyooybrybgrbogggyooywwobyyrbbrrwworwogrbbrbgwwg
3775,U0 F2 L0 U0 D1 ,wwrwwyogyooybrrbggbogggyooywwobyyryyrrwborbogbggbbwrrw
3776,F2 L0 U0 D1 ,owwgwwyyrbggbrrbggooyggyooywwobyyryybogborbogrrwbbwrrw
3777,L0 U0 D1 ,owwgwwowwgggrrrgggyooyggyooryybyyryybobbobbobrrwbbwrrw
3778,U0 D1 ,wwwwwwwwwgggrrrgggooogggoooyyyyyyyyybbbooobbbrrrbbbrrr
3779,D1 ,wwwwwwwwwrrrrrrgggggggggoooyyyyyyyyyoooooobbbbbbbbbrrr
3780,D0 R2 F0 U2 B1 F1 D2 L1 R0 B1 ,wogbwgbwrgooyrrryoogwygggwyrbboyoggwbyyrorwbyywrwbbbro
3781,R2 F0 U2 B1 F1 D2 L1 R0 B1 ,wogbwgbwrgooyrrgwyogwyggwbygorgybwobbyyrorbroywrwbbryo
3782,F0 U2 B1 F1 D2 L1 R0 B1 ,worbwbbwbywgrryoogogrygwwbygoggygworbyyrorbroywrgbbwyo
3783,U2 B1 F1 D2 L1 R0 B1 ,worbwborybwgwrybogwyobggywrorygygworbygroobrgywrgbbwyo
3784,B1 F1 D2 L1 R0 B1 ,yrobwbrowbygwrybogywrbggywrorygygworbwgroobrgwyogbbwyo
3785,F1 D2 L1 R0 B1 ,brbbwbrowbyywrrbooywrbggywrorygyggygwwgooorrgoboybywgw
3786,D2 L1 R0 B1 ,brbbwbbwbyyyrrrooorgrwgwybygoggyggygwwwooorrroboybywgw
3787,L1 R0 B1 ,brbbwbbwbyyyrrrrrrrgrwgwwgwgyggyggogwwwoooooooboybyyby
3788,R0 B1 ,rrbwwbwwbyyyrrrrrrggrggwggwyygyygoogwoowoowooobbybbybb
3789,B1 ,rrrwwwwwwrryrryrrygggggggggyyyyyyooowoowoowoobbbbbbbbb
3790,L1 U1 B2 F0 R0 D0 L2 F1 U1 B0 ,oywrwwybwggryrybwybwobgrwborywgyrbwrgbogoorogboygbrgoy
3791,U1 B2 F0 R0 D0 L2 F1 U1 B0 ,bywbwwwbwggryrybwyrwoggrbboyywryrywroogbooggrboygbrgoo
3792,B2 F0 R0 D0 L2 F1 U1 B0 ,wwwywbbbwrwoyrybwyoogggrbboyywryrywrboybooggrggrgbrgoo
3793,F0 R0 D0 L2 F1 U1 B0 ,rwyywbbbwrwgyrbbwboogggrbboyywryrwwwyoyyooogroogrbgrgg
3794,R0 D0 L2 F1 U1 B0 ,rwyywbroybwgbrbwwbbgobgoorgbyrryrwwwyoyyoyogwoogrbgrgg
3795,D0 L2 F1 U1 B0 ,rwoyworogwbbwrwbbgbgrbgrorwbyrryrwwoyoyyoyogwyogbbgygg
3796,L2 F1 U1 B0 ,rwoyworogwbbwrworwbgrbgrogwwrbwyyorryoyyoyyggyogbbgbbg
3797,F1 U1 B0 ,wwowwooogwbbwrworwggrggrggwrrbyyyrrrggyyoyyoyyoobbbbbb
3798,U1 B0 ,wwowwowwobbbrrwrrwrrwggggggyyyyyyrrrgggyooyooyoobbbbbb
3799,B0 ,ooowwwwwwrrwrrwrrwgggggggggyyyyyyrrryooyooyoobbbbbbbbb
3800,R1 L1 B2 D2 R0 U1 B1 D2 L2 F2 ,oyrwwrbwgwbbrrwbwbyrrygyygyorobybyyoworoogrogwbggbgwog
3801,L1 B2 D2 R0 U1 B1 D2 L2 F2 ,oywwwgbwwbwbbrwwrbyrrygryggorrbyyyyyworoogrogobgbbgoog
3802,B2 D2 R0 U1 B1 D2 L2 F2 ,yywywgywwbwbbrwwrborrbgrygggrrgyygyyrggoooworobbbbwooo
3803,D2 R0 U1 B1 D2 L2 F2 ,yygywgywwbwwbrowrrorrbgrygggrrgyywyybggwooborooowbbbbo
3804,R0 U1 B1 D2 L2 F2 ,yygywgywwbwwbrobororrbgrbboyywyygrrgbggwoowrrooowbbygg
3805,U1 B1 D2 L2 F2 ,yyrywrywobbborwroworwbggbbgyyyyywrrobggwoowrrwoogbbggg
3806,B1 D2 L2 F2 ,rroywwyyyorworwrowbggbggbbgyyyyywrrowoowoowrrbbbgbbggg
3807,D2 L2 F2 ,wwwywwyyyorrorrroobggbggbbgyyyyywwwwroorooorrbbgbbgbgg
3808,L2 F2 ,wwwywwyyyorrorrorrbggbggbggwwwwyyyyyroorooroobbgbbgbbg
3809,F2 ,wwwwwwyyyorrorrorrgggggggggwwwyyyyyyoorooroorbbbbbbbbb
3810,U0 F2 D0 L0 F0 R0 B1 U0 R0 F2 ,bbrrwwooyorworowbwwwgggyyybggoryorrroygbowygrgyygbwbbb
3811,F2 D0 L0 F0 R0 B1 U0 R0 F2 ,orbowbywrgyyorowbworwggyyybggoryorrrwwgbowygroyggbwbbb
3812,D0 L0 F0 R0 B1 U0 R0 F2 ,orbowboggryywrogbwbyyyggwrorwyryorrrwwwbooyggoyggbwbbb
3813,L0 F0 R0 B1 U0 R0 F2 ,orbowboggryywrowrobyyyggyggrrrrywroywwwboobbboyggbwgbw
3814,F0 R0 B1 U0 R0 F2 ,wrbwwbgggryywrowrooyyoggoggbrryywyoybbwbowbowoyrgbrgbr
3815,R0 B1 U0 R0 F2 ,wrbwwbwwwgyygrogrooooggyggywwryywyoybbbborboroyrgbrgbr
3816,B1 U0 R0 F2 ,wrowwywwygggrryooyoorggwggywwgyygyoobbbborborwyrbbrbbr
3817,U0 R0 F2 ,bbbwwywwyggwrrrooooorggwggywwgyygyygybbooroorrrrybbwbb
3818,R0 F2 ,wwbwwbyybrrrrrroooggwggwggywwgyygyygoorooroorybbybbwbb
3819,F2 ,wwwwwwyyyorrorrorrgggggggggwwwyyyyyyoorooroorbbbbbbbbb
3820,L0 B2 U0 F0 D1 U1 F2 B2 D1 L2 ,oyyrwogwrbbgyrrwggooywgbggrwrbgywoyybwwoobborogwbbyrry
3821,B2 U0 F0 D1 U1 F2 B2 D1 L2 ,yyyywowwrbbgyrrwggooyrgbggrorbwywgyyboboowrbwogobbgrrw
3822,U0 F0 D1 U1 F2 B2 D1 L2 ,yygywowwrbbryrowgbooyrgbggrorbwywyyygobrowgbwwrrgbbogo
3823,F0 D1 U1 F2 B2 D1 L2 ,wyywwyrogwrryrowgbbbrrgbggrorbwywyyyooyrowgbwgobgbbogo
3824,D1 U1 F2 B2 D1 L2 ,wyywwywwyrrroroggbgrbggbrbrwywwywyyyooororgbbgobgbbogo
3825,U1 F2 B2 D1 L2 ,wyywwywwyrrroroogogrbggbggbwwyyyywwyooororrbrgobgbbgbb
3826,F2 B2 D1 L2 ,yyyywwwwwgrboroogooooggbggbwwyyyywwygobrorrbrrrrgbbgbb
3827,B2 D1 L2 ,yyyywwywwrrbrrobgobggbggooowwwyyywwygooroorbgrrrgbbgbb
3828,D1 L2 ,ywwywwywwrrrrrrbggbggbggooowwwyyyyyyoooooobbgbbgbbgrrr
3829,L2 ,ywwywwywwrrrrrrrrrbggbggbggwyywyywyyooooooooobbgbbgbbg
3830,R1 F2 U2 L0 F1 R2 D1 L2 U2 D2 ,royywybrrgggorworwobwbgwbgwrwbgygbyoybyrowrowobgrbygoy
3831,F2 U2 L0 F1 R2 D1 L2 U2 D2 ,rogywrbrogwwgrrgooobybgybgrrwwgywbywybyrowrowobggbyboy
3832,U2 L0 F1 R2 D1 L2 U2 D2 ,rogywrwwrwwwwrryoorgbygbyboorbgywbywybgrogrogobggbyboy
3833,L0 F1 R2 D1 L2 U2 D2 ,rwwrwygorybgwrryooobgygbyboorbgywbywwwwrogrogrgbgbyboy
3834,F1 R2 D1 L2 U2 D2 ,ywwywyborybgwrryoorbgrgbgboorbyywyywrrwoowggwrgbgbgboo
3835,R2 D1 L2 U2 D2 ,ywwywyywybbgrrrooogbobgbrrgwwwyywyywrrroooggbrgbgbgboo
3836,D1 L2 U2 D2 ,ywwywwywwooorrrgbbgbbbggrrrwwwyyyyyyrrroooggbggbbbgooo
3837,L2 U2 D2 ,ywwywwywwooorrrooogbbbgggbbwyywyywyyrrrooorrrggbbbgggb
3838,U2 D2 ,wwwwwwwwwooorrrooobbbgggbbbyyyyyyyyyrrrooorrrgggbbbggg
3839,D2 ,wwwwwwwwwrrrrrroooggggggbbbyyyyyyyyyoooooorrrbbbbbbggg
3840,D1 L1 F2 B2 L0 U2 D0 F0 R0 L2 ,wwwywyogybogbrrgbowroggooyyggrrywyywbrgoowbwyrorbbgbbr
3841,L1 F2 B2 L0 U2 D0 F0 R0 L2 ,wwwywyogybogbrrbbrwroggogborwwgyygrybrgoowoyyrorbbgbwy
3842,F2 B2 L0 U2 D0 F0 R0 L2 ,wwwgwyggybogbrrbbrrroggogboywwgyyrrygwyroybooroobbybww
3843,B2 L0 U2 D0 F0 R0 L2 ,wwwgwywwyoogyrrybrobgoggorrygggyyrrygwbrobbobroobbybww
3844,L0 U2 D0 F0 R0 L2 ,yrrgwywwyoobyrrybgobgoggorrygggyywwwrwbrobgobwwbybboor
3845,U2 D0 F0 R0 L2 ,rrrbwybwyoobyrrybgybggggwrroggoyyowwgrroowbbbwwwybgooy
3846,D0 F0 R0 L2 ,ywbywbrrrgrryrrybgwwwgggwrroggoyyowwooboowbbbybgybgooy
3847,F0 R0 L2 ,ywbywbrrrgrryrrwrrwwwgggbbbooowygwygooboowooyybgybgybg
3848,R0 L2 ,ywbywbywbrrrrrrrrrbgwbgwbgwwygwygwygoooooooooybgybgybg
3849,L2 ,ywwywwywwrrrrrrrrrbggbggbggwyywyywyyooooooooobbgbbgbbg
3850,D2 R1 U0 B0 L2 D0 B1 U2 R0 D0 ,wwrowwbyyorgbrbrrworgggowoboywyybygorgyyowbbbyogwbggrr
3851,R1 U0 B0 L2 D0 B1 U2 R0 D0 ,wwrowwbyyorgbrbbbborgggogrrogybyywyorgyyowrrwyogwbgwob
3852,U0 B0 L2 D0 B1 U2 R0 D0 ,wwwowwbyygbbrrbobborrggwgryoggbyowyrrgyyowrrwoogybgyob
3853,B0 L2 D0 B1 U2 R0 D0 ,bowywwywwoogrrbobbgbbggwgryoggbyowyrorryowrrwrgyybgyob
3854,L2 D0 B1 U2 R0 D0 ,gbbywwywwoorrryobwgbbggwgryoggbyooyrwrroowbrwyyrobgbgy
3855,D0 B1 U2 R0 D0 ,obbbwwowwoorrryobwybbggwrrygggyyoyyrwrbwoorrwyygobgbgg
3856,B1 U2 R0 D0 ,obbbwwowwoorrryrryybbggwrrwyygyygrogwrbwoobggyygobgobw
3857,U2 R0 D0 ,bwwbwwowwooorrbrrbybbggwrrwyygyygyyrrrbooogggggwybbyoo
3858,R0 D0 ,wwowwbwwbrrbrrbrrbggwggwrrwyygyygyyroooooogggybbybbyoo
3859,D0 ,wwwwwwwwwrrrrrrbbbggggggrrryyyyyyyyyoooooogggbbbbbbooo
3860,F0 B1 R2 L1 U0 D0 R0 L2 D1 B0 ,yrwgwyggobrrgrwbgroywbgrrorybybywbowoowboryygbwgobwgyo
3861,B1 R2 L1 U0 D0 R0 L2 D1 B0 ,yrwgwygrwgrrgrwogrrboogyrrwbgbbywbowooybobyyybwgobwgyo
3862,R2 L1 U0 D0 R0 L2 D1 B0 ,ybogwygrwgrygrrogwrboogyrrwbgbbywrwrboyoobwyygwowbybog
3863,L1 U0 D0 R0 L2 D1 B0 ,ybbgwwgrrwgorrgyrgrbbogwrrgbgobyyrwwboyoobwyywwoybyoog
3864,U0 D0 R0 L2 D1 B0 ,rbbowwrrrwgorrgyrgbbbbgwrrgggoyyyowwybyooybowwwgybgooy
3865,D0 R0 L2 D1 B0 ,rorrwbrwbwwgrrgyrgwgobgwrrgggoyyyowwbbbooybowybyybgooy
3866,R0 L2 D1 B0 ,rorrwbrwbwwgrrgrrgwgobgwbowoygwygwyobbbooyooyybyybgyrg
3867,L2 D1 B0 ,roorwwrwwrrwrrwgggwggbggboooyywyywyybbbooyooybbybbgrrg
3868,D1 B0 ,ooowwwwwwrrwrrwgggggggggyooryyryyryyyooyoobbbbbbbbbrrw
3869,B0 ,ooowwwwwwrrwrrwrrwgggggggggyyyyyyrrryooyooyoobbbbbbbbb
3870,D1 B2 U1 D1 L0 F2 U1 D1 B0 L2 ,wyywwyroowororgbybbggrgbwryoyogybywwroywobgrbgggwbbrro
3871,B2 U1 D1 L0 F2 U1 D1 B0 L2 ,wyywwyroowororgrrobggrgbbybobwyywogyroywobwrygggwbbgrb
3872,U1 D1 L0 F2 U1 D1 B0 L2 ,ygowwyroowoworwrrrbggrgbbybobwyywyywooygobrrybrgbbwggg
3873,D1 L0 F2 U1 D1 B0 L2 ,oyogwoywrbggorwrrrooyrgbbybobwyywyywbrggobrrywowbbwggg
3874,L0 F2 U1 D1 B0 L2 ,oyogwoywrbggorwgggooyrgbrrrwwwbyyoyybrggobbybwowbbwrry
3875,F2 U1 D1 B0 L2 ,yyowwowwrbggorwgggooyggbyrrowwryyryybgbyorbbgwoobbbrrw
3876,U1 D1 B0 L2 ,yyowwowwogggrrwbggrrybggyoorwwryyryybggyoobbbwoobbbrrw
3877,D1 B0 L2 ,oooywwywwrryrrwbggbggbggyoorwwryyryywooyoobbbgggbbbrrw
3878,B0 L2 ,oooywwywwrryrrwrrwbggbggbggwyywyyrrrwooyooyoogggbbbbbb
3879,L2 ,ywwywwywwrrrrrrrrrbggbggbggwyywyywyyooooooooobbgbbgbbg
3880,L0 F2 B2 R0 D0 L2 R0 U2 L0 D1 ,ywwbwyrgwgggorboobyroygwrbwwwbyygowrbrgoooyrbrroybbygg
3881,F2 B2 R0 D0 L2 R0 U2 L0 D1 ,gwwbwyogwgggorboobyrobgwrbwywbyygrwryobrorbogrroybyygw
3882,B2 R0 D0 L2 R0 U2 L0 D1 ,gwwbwybwygggrrbbobwbrwgborywgoyygrwryooroobogrroybyygw
3883,R0 D0 L2 R0 U2 L0 D1 ,rwrbwybwyggbrrrboywbrwgborywgoyygwwgbooboogogwgyybyorr
3884,D0 L2 R0 U2 L0 D1 ,rwrbwbbwybrgorgyrbwbowggorgwgoyyywwwbooboogogygyybyrrr
3885,L2 R0 U2 L0 D1 ,rwrbwbbwybrgorgorgwbowgggogwywwygwyobooboorrrygyybyyrb
3886,R0 U2 L0 D1 ,wwrwwbwwybrgorgorgbboyggyogrywbygbyorrrooboobyggybwyrw
3887,U2 L0 D1 ,wwowwgwwgoobrrrgggbbwyggyooryybyybyyrrrooboobyggbbwrrw
3888,L0 D1 ,gwwgwwowwrrrrrrgggyggyggyooryybyybyyoobooboobbbwbbwrrw
3889,D1 ,wwwwwwwwwrrrrrrgggggggggoooyyyyyyyyyoooooobbbbbbbbbrrr
3890,L2 F1 B2 U1 R2 D2 L1 B0 D1 U1 ,wyyyworgwrbggrbobbywgggorobwwywywwrrgggrorbrboooybbyyo
3891,F1 B2 U1 R2 D2 L1 B0 D1 U1 ,wyywwowgwrbggrbobbowgbgooobwwyyywrrrbrbrorgggoorybgyyy
3892,B2 U1 R2 D2 L1 B0 D1 U1 ,wyywworgoybgwrbwbbgobwgoobobrgyywrrrbrwrogggwoorybgyyy
3893,U1 R2 D2 L1 B0 D1 U1 ,rrrwworgoybgwrrwbbgobwgoobobrgyywyywbrwbogggwyyygbyroo
3894,R2 D2 L1 B0 D1 U1 ,roorwgrwrgobwrrwbbbrwwgoobobrgyywyywyyybogggwybggbyroo
3895,D2 L1 B0 D1 U1 ,rogrwwrwwbbwrrwbogbrrwggobybroyygyyryyybogggwobgobywoo
3896,L1 B0 D1 U1 ,rogrwwrwwbbwrrwggwbrrwggwooryygyyorbyyybogbogobgobyoby
3897,B0 D1 U1 ,bogwwwwwwbbwrrwggwrrrgggoooyyyyyygrbyggyooybbobrobrobr
3898,D1 U1 ,wwwwwwwwwbbbrrrgggrrrgggoooyyyyyyyyygggooobbbooobbbrrr
3899,U1 ,wwwwwwwwwbbbrrrrrrrrrggggggyyyyyyyyygggooooooooobbbbbb
3900,D2 B2 F0 U0 L1 B2 F1 R0 B2 L1 ,yywwwogwyowgrrowybrggrgwrobwyogyggoyrbyroywrbrbbgbbobo
3901,B2 F0 U0 L1 B2 F1 R0 B2 L1 ,yywwwogwyowgrrowrbrggrgwoboyoggygoywrbyroywybrbbgbbrob
3902,F0 U0 L1 B2 F1 R0 B2 L1 ,wyowwogwyowwrrrwrrrggrgwoboyoggygwyybbyooygybborbbgbbr
3903,U0 L1 B2 F1 R0 B2 L1 ,wyowwobyygwwwrryrrorrbggowgwrogygwyybbyooogygborbbgbbr
3904,L1 B2 F1 R0 B2 L1 ,bwwywyyooborwrryrrgwwbggowgwrogygwyyorrooogygbbybbgbbr
3905,B2 F1 R0 B2 L1 ,gwwbwyoooborwrryrrwwwgggwwgrrogygyyyrogroyoogbbybbybbb
3906,F1 R0 B2 L1 ,yyybwyoooboowrryrrwwwgggwwgrrogygwwgrogroyrogbbbybbybb
3907,R0 B2 L1 ,yyybwybwyooorrrrrrwggwgwwgwgyggygwwgroorooroobbbybbybb
3908,B2 L1 ,yygbwwbwwrrorrorrowggwggwgggyygyywwbrooroorooybbybbybb
3909,L1 ,bwwbwwbwwrrrrrrrrrwggwggwgggyygyygyyooooooooobbybbybby
3910,U0 R2 D2 F1 L0 D2 B2 R2 F0 D0 ,rryywrggrwwrorrgbbwwbbgbggoooyyyybroboroowygwgyygbwwbo
3911,R2 D2 F1 L0 D2 B2 R2 F0 D0 ,gyrgwrrrygyyorrgbbwwrbgbggoooyyyybrowwboowygwborgbwwbo
3912,D2 F1 L0 D2 B2 R2 F0 D0 ,gyygwyrrobbgrroyygwwwbggggbooryyrbrywwboowygwoorbbwrbo
3913,F1 L0 D2 B2 R2 F0 D0 ,gyygwyrrobbgrroygwwwwbggrboyrbryyroowwboowyygoorbbwggb
3914,L0 D2 B2 R2 F0 D0 ,gyygwybrybbgrroygwwgowgbwbrbwgryyroowwoooryyroorbbwggb
3915,D2 B2 R2 F0 D0 ,byywwyrrybbgrroygwggoggbbbrwwgwyywooyowyowrrooorbbrggb
3916,B2 R2 F0 D0 ,byywwyrrybbgrrorroggoggbggboowyywgwwyowyowygwoorbbrbbr
3917,R2 F0 D0 ,wwgwwyrrybbyrryrryggoggbggboowyywyyboowoowggwrbbrbbroo
3918,F0 D0 ,wwwwwwrrbyrryrrybbggrggrggroogyyyyyyoowoowggwbbbbbbooo
3919,D0 ,wwwwwwwwwrrrrrrbbbggggggrrryyyyyyyyyoooooogggbbbbbbooo
3920,F1 D1 B1 R0 U0 B0 D0 U2 B0 F1 ,obbywgoyygowwrwyrowgrggrgoowbbyyyrgwgbgworyorrrybbobwb
3921,D1 B1 R0 U0 B0 D0 U2 B0 F1 ,obbywggwybowbrwwrorroggowgggrryyyrgwgbywoyyoorrybbobwb
3922,B1 R0 U0 B0 D0 U2 B0 F1 ,obbywggwybowbrwbwbrroggowrorywryggyrgbywoywggrrybboyoo
3923,R0 U0 B0 D0 U2 B0 F1 ,wwgywggwyboobrbbwbrroggowrorywrygbwwgbyyoyrggyoorborby
3924,U0 B0 D0 U2 B0 F1 ,wwoywogwobbbwrobborrwgggwrwryrryrbwygbyyoyrggyoogbogby
3925,B0 D0 U2 B0 F1 ,gywwwwoooyoowrobbobbbgggwrwryrryrbwyrrwyoyrgggbygbogby
3926,D0 U2 B0 F1 ,ooowwwoooyoywrwbbbbbbgggwrwryrryrryrwrwyoyggggggbbbyoy
3927,U2 B0 F1 ,ooowwwoooyoywrwwrwbbbggggggrrryyyrrrwrwyoyyoygggbbbbbb
3928,B0 F1 ,ooowwwooowrwwrwwrwgggggggggrrryyyrrryoyyoyyoybbbbbbbbb
3929,F1 ,wwwwwwooowrrwrrwrrgggggggggrrryyyyyyooyooyooybbbbbbbbb
3930,F0 U0 R2 L2 D1 B2 L0 U0 R0 F2 ,bwgywwbbyroobrrgggwwbrgorywwrogyyggyobooobrrbygywbyrow
3931,U0 R2 L2 D1 B2 L0 U0 R0 F2 ,bwgywwbboboobrryggrrwygwwobgbrgyyggyobwoorrroygywbyrow
3932,R2 L2 D1 B2 L0 U0 R0 F2 ,bybbwwowgygybrryggbooygwwobgbrgyyggyrrwoorrroobwwbyrow
3933,L2 D1 B2 L0 U0 R0 F2 ,byrbwyowyggyrrbygyborygwwoogbbgywgggrrwoorrrobbwwbyoow
3934,D1 B2 L0 U0 R0 F2 ,gyrgwygwyggyrrbygyworygwwoobbbbywoggorrroowrrbbwwbyoob
3935,B2 L0 U0 R0 F2 ,gyrgwygwyggyrrboobworygwygybwgbygbboorrroowoobbwwbywrr
3936,L0 U0 R0 F2 ,obbgwygwyggwrrroooworygwygybwgbygrygbrrbooyoorrwybwwbb
3937,U0 R0 F2 ,bbbwwywwyggwrrrooooorggwggywwgyygyygybbooroorrrrybbwbb
3938,R0 F2 ,wwbwwbyybrrrrrroooggwggwggywwgyygyygoorooroorybbybbwbb
3939,F2 ,wwwwwwyyyorrorrorrgggggggggwwwyyyyyyoorooroorbbbbbbbbb
3940,D1 L1 B1 U1 L1 B0 D2 F0 L1 D0 ,owwowgowgyyryrrboybrorgrworrbybyybgrwwwwogyygbbgbbggoo
3941,L1 B1 U1 L1 B0 D2 F0 L1 D0 ,owwowgowgyyryrrgoobrorgrboyyyrbygrbbwwwwogworbbgbbgyyg
3942,B1 U1 L1 B0 D2 F0 L1 D0 ,bwwrwgbwgyyryrrgooyrobgrroygyrgyggbbwgrwoowwwbbobboyyo
3943,U1 L1 B0 D2 F0 L1 D0 ,wwwrwgbwgyybyrwgowyrobgrroygyrgygorrggrboobwwooobbybby
3944,L1 B0 D2 F0 L1 D0 ,wggwwwwrbyroyrwgowggrbgrroygyrgygorroooboobwwyybbbybby
3945,B0 D2 F0 L1 D0 ,gggbwwrrbyroyrwgowggrggrooyyyryygbrroowoowobbyywbbwbbw
3946,D2 F0 L1 D0 ,owwbwwrrbyrryrrgobggrggrooyyyryygooogowgowgbbbbybbywww
3947,F0 L1 D0 ,owwbwwrrbyrryrrgbbggrggrwwwooogyyryygowgowgobbbybbyooy
3948,L1 D0 ,owwbwwbwwrrrrrrbbbwggwggwrrgyygyyryygoogoogoobbybbyooy
3949,D0 ,wwwwwwwwwrrrrrrbbbggggggrrryyyyyyyyyoooooogggbbbbbbooo
3950,L0 F2 B2 L1 D2 U2 F1 B0 R2 U2 ,brgbwwbrgwryrrowoyogrggyobrgobgyygobwwyyoywwyrbowbbrgo
3951,F2 B2 L1 D2 U2 F1 B0 R2 U2 ,orgbwworgwryrrowoybgrbgybbroobgyyoobwywwowyyyrbgwbgrgg
3952,B2 L1 D2 U2 F1 B0 R2 U2 ,orgbwwbooyrywrowoyrbbygbrgbgrogyyoobwywworyywrbgwbgrgg
3953,L1 D2 U2 F1 B0 R2 U2 ,boobwwbooyrywrwwowrbbygbrgbgrogyygroyywooryywggrgbwgbr
3954,D2 U2 F1 B0 R2 U2 ,rooywwrooyrywrwwowgbbggbggbrrowyyrrowrwyoyyoyggbgbbgbb
3955,U2 F1 B0 R2 U2 ,rooywwrooyrywrwyoygbbggbgbborryyworrwrwyoywowggbgbbggb
3956,F1 B0 R2 U2 ,oorwwyoorwrwwrwyoyggbggbgbborryyworryryyoywowgbbgbbggb
3957,B0 R2 U2 ,oorwwywwyrrwrrwooybbbggbgggyywyyworryrryoowoogbbgbbggb
3958,R2 U2 ,wwywwywwyrrrrrrooobbbggbgggyywyywyywrrrooooooggggbbbbb
3959,U2 ,wwwwwwwwwooorrrrrrbbbggggggyyyyyyyyyrrroooooogggbbbbbb
3960,L1 R0 B2 F2 L2 R1 F0 D2 B1 R1 ,wyggwgroygwworygwrwgrbgbgyryrwyybyryorbooroooogbbbwbwb
3961,R0 B2 F2 L2 R1 F0 D2 B1 R1 ,wygbwggoygwworygwrygrygbyyrbrwwybbrybroroooooogrbbgbww
3962,B2 F2 L2 R1 F0 D2 B1 R1 ,wyrbwbgorgogwrwrywygwygbyyybrbwybbrobroroooooygrgbggww
3963,F2 L2 R1 F0 D2 B1 R1 ,orbbwbgorgoowrrrybygwygbyyybrbwybrywwrowoogoowwggbgrgy
3964,L2 R1 F0 D2 B1 R1 ,orbbwbbrboooorroybyyybgywgyrogwybrywwrrwowgogwwggbgrgy
3965,R1 F0 D2 B1 R1 ,rrbwwbrrboooorroybyyyggyggyoogbybbywgogwowrrwwwwgbbrgy
3966,F0 D2 B1 R1 ,rrrwwgrrworboryoooyybggbggbooybyybyygogwowrrwwwwbbbggy
3967,D2 B1 R1 ,rrrwwgwwgrrbrrywooggyggybbbooobyybyygoowoorrywwwbbbggy
3968,B1 R1 ,rrrwwgwwgrrbrryrryggyggyggyyybyybooogoowoowoowwwbbbbbb
3969,R1 ,wwgwwgwwgrrrrrrrrrggyggyggyyybyybyybooooooooowbbwbbwbb
3970,D0 L1 F0 U0 R0 D1 U2 L1 D1 F0 ,gbwywwwobybbgroggggbrrgwoyrygwoyorryyborogbwboroybyrww
3971,L1 F0 U0 R0 D1 U2 L1 D1 F0 ,gbwywwwobybbgrooyrgbrrgwbwbroyrygyowyborogrwworoybyggg
3972,F0 U0 R0 D1 U2 L1 D1 F0 ,gbwrwwbobybbgrooyrrbrrgwywbgoyyygoowogwbowyrrorwybyggg
3973,U0 R0 D1 U2 L1 D1 F0 ,gbwrwwrwwbbborobyryrrwgbbwrogyyygoowoggbooyryorwybyggg
3974,R0 D1 U2 L1 D1 F0 ,rrgwwbwwworworobyrbbbwgbbwrogyyygoowyrrbooyryoggybyggg
3975,D1 U2 L1 D1 F0 ,rrbwwbwwrbooyrrrowbbywggbwwoggyyyoooyrrbooyrywggbbyggg
3976,U2 L1 D1 F0 ,rrbwwbwwrbooyrrgggbbywggrowgyogyooyoyrrboobwwwggbbyyry
3977,L1 D1 F0 ,rwwbwwbrryrryrrgggwggwggrowgyogyooyobooboobwwbbybbyyry
3978,D1 F0 ,wwwwwwrrryrryrrgggggggggoowyyoyyoyyooowoowbbbbbbbbbyrr
3979,F0 ,wwwwwwrrryrryrryrrgggggggggoooyyyyyyoowoowoowbbbbbbbbb
3980,L2 F2 R0 U0 B0 R0 D1 L0 F1 B1 ,ybrowbobbrrworwyrwbwwrgygyoygboywygorbwgoyrwogybgbogrg
3981,F2 R0 U0 B0 R0 D1 L0 F1 B1 ,ybrowbybbrrworwyrwgwwogybyoygboywogoowryogwbrgyggbrgrb
3982,R0 U0 B0 R0 D1 L0 F1 B1 ,ybrowbbgyrrwgrwrrwoybygowwgbbyoywogoowyyoowbrgyggbrgrb
3983,U0 B0 R0 D1 L0 F1 B1 ,ybbowobggrgrrrrwwwoyyygwwwobbgoygoggowyyoowbryygbbrrrb
3984,B0 R0 D1 L0 F1 B1 ,boygwbgobyygrrrwwwrgrygwwwobbgoygoggoyyyoowbrowybbrrrb
3985,R0 D1 L0 F1 B1 ,grwgwbgobyygrrgwworgrygwwwobbgoygoywyyyooobbrrborbwbry
3986,D1 L0 F1 B1 ,grrgwwgoowrywryoggrggyggwwwbbboyroyryyyooobbrbbobbwwry
3987,L0 F1 B1 ,grrgwwgoowrywrywryrggyggoggbrrbyybooyyyooowwwbbobbwbbr
3988,F1 B1 ,rrrwwwooowrywrywrygggggggggrrryyyooowoywoywoybbbbbbbbb
3989,B1 ,rrrwwwwwwrryrryrrygggggggggyyyyyyooowoowoowoobbbbbbbbb
3990,L2 F1 D0 R1 U2 D0 F0 L2 B1 U1 ,brgywgwwyryorroyggorbggbgoorbbwywwwwrrbboogbyygwybyoor
3991,F1 D0 R1 U2 D0 F0 L2 B1 U1 ,rrgwwgwwyryorroyggrrbygbwoobbbyywwwwybgoobbrryggybgooo
3992,D0 R1 U2 D0 F0 L2 B1 U1 ,rrgwwgrrybyobrobggbborgorywgbryywwwwybyoowbrwyggybgooo
3993,R1 U2 D0 F0 L2 B1 U1 ,rrgwwgrrybyobrorywbborgobrwwygwybwwrybyoowoooyggybgbgg
3994,U2 D0 F0 L2 B1 U1 ,rrbwwyrryoowyrybbrbbgrggbrywyowyowwwybyoowooorggbbgggg
3995,D0 F0 L2 B1 U1 ,yrrywwbrrybyyrybbrrggrggbrywyowyowwwoowoowooobbgbbgggg
3996,F0 L2 B1 U1 ,yrrywwbrrybyyrybryrggrggooowwwwyywoooowoowgggbbgbbgbbr
3997,L2 B1 U1 ,yrrywwgwwbbyrryrryorroggoggbyywyywoooowoowggwbbgbbgbbr
3998,B1 U1 ,brrwwwwwwbbyrryrryrrrggggggyyyyyygoowggwoowoobbobbobbo
3999,U1 ,wwwwwwwwwbbbrrrrrrrrrggggggyyyyyyyyygggooooooooobbbbbb
4000,B2 F1 D2 L2 B1 D2 R2 F0 U0 R0 ,yyywwgbbbyrorrwgbgrrrbgwoyywrryywwyrogwooobogbbgobgwgo
4001,F1 D2 L2 B1 D2 R2 F0 U0 R0 ,rywwwgbbbyrbrrogborrrbgwoyywrryywyyyggwwoooogogwgbogbb
4002,D2 L2 B1 D2 R2 F0 U0 R0 ,rywwwgyrgrrbrrowborwyrgyrbowogyywyyyggbwoboobogwgbogbb
4003,L2 B1 D2 R2 F0 U0 R0 ,rywwwgyrgrrbrrooobrwyrgygbbyyywyygowggbwobwboogwgborbo
4004,B1 D2 R2 F0 U0 R0 ,yywwwggrgrrbrrooobowyogywbbryywyyyowobwbowbggogggbrrbr
4005,D2 R2 F0 U0 R0 ,bbowwggrgrryrryoowowyogywbbryywyybobybwoowwgggrrgbbogr
4006,R2 F0 U0 R0 ,bbowwggrgrryrrywggowyogyogrbobyywyyrybwoowoowgrrgbbwbb
4007,F0 U0 R0 ,bbbwwwgrrggwyrryrrowwoggoggbooyygyygybwoowoowrrrybbybb
4008,U0 R0 ,bbbwwwwwwggwrrrrrroooggwggwyygyygyygybboooooorrrybbybb
4009,R0 ,wwbwwbwwbrrrrrrrrrggwggwggwyygyygyygoooooooooybbybbybb
4010,D1 R0 U2 F0 D2 U0 R2 B2 D2 U0 ,gobwwgwybwrrgrrogyboobgyrgyywgyyooroworrowgbgybrybbbww
4011,R0 U2 F0 D2 U0 R2 B2 D2 U0 ,gobwwgwybwrrgrrbwwboobgyogygoowyryyoworrowrgyybrybbgbg
4012,U2 F0 D2 U0 R2 B2 D2 U0 ,goowwywyybgwwrrwrrboobgrogogogwyyyyyworrowrgybbrgbbbbg
4013,F0 D2 U0 R2 B2 D2 U0 ,yywywwoogworwrrwrrbbrbgrogogogwyyyyybgwrowrgyboogbbbbg
4014,D2 U0 R2 B2 D2 U0 ,yywywwywwoororrgrrobbggborrwwwwyyyyybggroorggboogbbbbg
4015,U0 R2 B2 D2 U0 ,yywywwywwoororrrggobbggbbbgyyyyywwwwbggroogrrboogbborr
4016,R2 B2 D2 U0 ,yyywwywwwbooorrrggoorggbbbgyyyyywwwwobbroogrrbgggbborr
4017,B2 D2 U0 ,yyywwwwwwggrrrooobooogggbbbyyyyyywwwobbroogrrgggbbbrrr
4018,D2 U0 ,wwwwwwwwwgggrrroooooogggbbbyyyyyyyyybbbooorrrrrrbbbggg
4019,U0 ,wwwwwwwwwgggrrrrrroooggggggyyyyyyyyybbboooooorrrbbbbbb
4020,R2 B1 L0 U2 D0 B1 L0 U2 R1 D0 ,gybywrbrobgrbrbrowowwygoorwgbggygboorgyworwwyyoyybbgwr
4021,B1 L0 U2 D0 B1 L0 U2 R1 D0 ,gygywgbroworbrbrgbowgygyorygbbgyrboorgyworwwywoyobbwwr
4022,L0 U2 D0 B1 L0 U2 R1 D0 ,wwrywgbrowogbryrggowgygyorygbbgyrbbrbgyoorowyybrobwwow
4023,U2 D0 B1 L0 U2 R1 D0 ,wwrwwgrrowogbryrggwwgygybryobbyyrobroobwogyryybbobgwog
4024,D0 B1 L0 U2 R1 D0 ,orrgwwrwwoobbryrggybbygybryobbyyrobrwogwogyrywwgobgwog
4025,B1 L0 U2 R1 D0 ,orrgwwrwwoobbrybryybbygyyryoyobybrrbwogwogwogwwgobgrgg
4026,L0 U2 R1 D0 ,wwwgwwrwwooobrrbrrybbygyyryoyobybyybrogrogboggggwbgwor
4027,U2 R1 D0 ,rwwgwwgwwooobrrbrrwbbggyrryyyoyybyybbrrooogggggywbbwoo
4028,R1 D0 ,wwgwwgwwrbrrbrrbrrggyggyrryyyoyybyyboooooogggwbbwbbwoo
4029,D0 ,wwwwwwwwwrrrrrrbbbggggggrrryyyyyyyyyoooooogggbbbbbbooo
4030,U0 D1 B0 L0 D2 B2 L1 U2 F0 B1 ,ywrwwrywobbbyrooggbrwyggbyyybgoyrwgrgboooroyrworbbgwwg
4031,D1 B0 L0 D2 B2 L1 U2 F0 B1 ,ywywwworrworyrooggbbbyggbyyybgoyrwgrbrwooroyrgbobbgwwg
4032,B0 L0 D2 B2 L1 U2 F0 B1 ,ywywwworrworyrowwgbbbyggogggrrbygyowbrwoorbyygbobbgoyr
4033,L0 D2 B2 L1 U2 F0 B1 ,rogwwworrwowyrowwybbbyggogggrrbygbobyrwworyyyobgybbrgo
4034,D2 B2 L1 U2 F0 B1 ,oogbwwgrrwowyrowwyrbbwggoggbrryygoobywyyoryrwobbybbrgg
4035,B2 L1 U2 F0 B1 ,oogbwwgrrwowyroyrwrbbwggrggboogyyrrbywyyorwwyobbybbogg
4036,L1 U2 F0 B1 ,brrbwwgrrwowyryyryrbbwggrggboogyygoowwyoorwwyggobbybbo
4037,U2 F0 B1 ,rrrwwwrrrwowyryyrybbbggggggoooyyyoooyrywowwowgggbbbbbb
4038,F0 B1 ,rrrwwwrrryryyryyrygggggggggoooyyyooowowwowwowbbbbbbbbb
4039,B1 ,rrrwwwwwwrryrryrrygggggggggyyyyyyooowoowoowoobbbbbbbbb
4040,U2 R2 B2 U2 L1 F2 R2 L1 B2 F2 ,gywwwybwyororrooorybgbggygwbybbyywwwrrroorroogbywbgggb
4041,R2 B2 U2 L1 F2 R2 L1 B2 F2 ,ywbywwwygrrrrrooorgbybggygwbybbyywwworooorrooybgwbgggb
4042,B2 U2 L1 F2 R2 L1 B2 F2 ,ywbywywywrooorrrrrgbgbgwygybybbywwwgorooorroowbggbgygb
4043,U2 L1 F2 R2 L1 B2 F2 ,gwwywywywrorororrogbgbgwygybybbywbwyrrororooobgygbggbw
4044,L1 F2 R2 L1 B2 F2 ,wywywywwgrroororrobgybgwygybybbywbwyrorrorooogbggbggbw
4045,F2 R2 L1 B2 F2 ,bywbwyywgrroororrobgybgwbgywybgywgwyrroooorrogbwgbygbw
4046,R2 L1 B2 F2 ,bywbwybyworoorooroygbwgbygbgwygywgwyrrrooorrrgbwgbygbw
4047,L1 B2 F2 ,byybwwbyyoroorooroyggwggygggwwgyygwwrrrooorrrbbwbbybbw
4048,B2 F2 ,yyywwwyyyorooroorogggggggggwwwyyywwwrorrorrorbbbbbbbbb
4049,F2 ,wwwwwwyyyorrorrorrgggggggggwwwyyyyyyoorooroorbbbbbbbbb
4050,F2 D1 R0 U0 F0 B2 L1 D1 U1 L0 ,owyywyyygobbwrgrwboowrgryogbwygygwowbrgroggoorbwybbrbr
4051,D1 R0 U0 F0 B2 L1 D1 U1 L0 ,owyywyywbobbgrggwbgoyrgrwoogyygygwowbrrrowgoorbwybbrbr
4052,R0 U0 F0 B2 L1 D1 U1 L0 ,owyywyywbobbgrgrbrgoyrgrgwbygwyyoggwbrrrowwoorbwybbgoo
4053,U0 F0 B2 L1 D1 U1 L0 ,owyywrywbrgobrbrgbgowrgogwwyggyyyggrbrrrowwoobbwybbyoo
4054,F0 B2 L1 D1 U1 L0 ,yyowwwbrybbwbrbrgbrgorgogwwyggyyyggrgowrowwoobrrybbyoo
4055,B2 L1 D1 U1 L0 ,yyowwwowwbbwrrbygbgrrwggwoorbbyyyggrgoyrogwogbrrybbyoo
4056,L1 D1 U1 L0 ,rggwwwowwbbwrrrygggrrwggwoorbbyyyoyyboybogwogooybbyrrb
4057,D1 U1 L0 ,gggwwwwwwbbwrrryggrrryggooobbbyyyyyyyggooobbwooobbwrrr
4058,U1 L0 ,gggwwwwwwbbwrrrrrrrrryggyggbyybyybyyyggooooooooobbwbbw
4059,L0 ,gwwgwwgwwrrrrrrrrryggyggyggbyybyybyyooooooooobbwbbwbbw
4060,L0 D2 U2 R1 F0 D1 U0 B1 D1 L0 ,oryowrwwgrbgorgrwrrryrgbygybybbyowobbggyoyowoogwwbbwyg
4061,D2 U2 R1 F0 D1 U0 B1 D1 L0 ,grybwrwwgrbgorgrwroryogbwgyrybryoyoboybwogoygogwwbbwyb
4062,U2 R1 F0 D1 U0 B1 D1 L0 ,grybwrwwgrbgorgoygoryogbwybboyoyrbyroybwogrwrogwwbbwgy
4063,R1 F0 D1 U0 B1 D1 L0 ,gwwrwbyrgoyborgoygogwogbwybboyoyrbyrrbgwogrwrorywbbwgy
4064,F0 D1 U0 B1 D1 L0 ,gwwrwwyrobggyryoooogwogbwygbowoybbybrbgwogrwrrryrbbygy
4065,D1 U0 B1 D1 L0 ,gwwrwwrggyggrryooowooygggbwoyboybbybrbbwoorwwrryrbbygy
4066,U0 B1 D1 L0 ,gwwrwwrggyggrryygywooyggooobbbyyyoobrbbwoogbwrryrbbrww
4067,B1 D1 L0 ,rrggwwgwwrryrryygyyggyggooobbbyyyoobwoowoogbwrbbrbbrww
4068,D1 L0 ,gwwgwwgwwrrrrrryggyggyggooobbbyyyyyyoooooobbwbbwbbwrrr
4069,L0 ,gwwgwwgwwrrrrrrrrryggyggyggbyybyybyyooooooooobbwbbwbbw
4070,B1 U0 L0 B2 F0 D2 R0 B2 L0 U0 ,rrrywgroyowywrygoywwgggrwyyooryybwooggbwororbbbwbbbbgg
4071,U0 L0 B2 F0 D2 R0 B2 L0 U0 ,owgywgroyowrwrrgorwwgggrwyyooryybyyywgboororbwbgbbgbbb
4072,L0 B2 F0 D2 R0 B2 L0 U0 ,ryoowwyggwbgwrrgorowrggrwyyooryybyyywwgoororbwgbbbgbbb
4073,B2 F0 D2 R0 B2 L0 U0 ,byogwwbggwbgwrrgorrwrogryyyoorgybwyyoowrowbrgwgybbybbo
4074,F0 D2 R0 B2 L0 U0 ,yywgwwbggwbbwrrgoorwrogryyyoorgyboybrowrowgrgobbybbygw
4075,D2 R0 B2 L0 U0 ,yywgwwgwwbbbgrrgooyorygwyrrgwwgyboybrooroogrrobbybbygw
4076,R0 B2 L0 U0 ,yywgwwgwwbbbgrrgrryorygwygwbyobygwwgrooroogooobbybbyrr
4077,B2 L0 U0 ,yyrgwwgwwggbrrbrrbyooyggyggbyybyywworooroogoowbbwbbwrr
4078,L0 U0 ,owwgwwgwwgggrrrrrryooyggyggbyybyyryyboobooboorrwbbwbbw
4079,U0 ,wwwwwwwwwgggrrrrrroooggggggyyyyyyyyybbboooooorrrbbbbbb
4080,U0 L2 D1 B0 F1 R0 U1 D1 R0 F1 ,gywowyggowgrbrwbwwrrgwgrwbrryyoybbwbybyyogyggbroobooro
4081,L2 D1 B0 F1 R0 U1 D1 R0 F1 ,goggwyoywbrobrwbwwwgrwgrwbrryyoybbwbrrgyogyggybyobooro
4082,D1 B0 F1 R0 U1 D1 R0 F1 ,rogowybywbrobrwbwwogrogrybrgyygybowbggygoygrrybwobworw
4083,B0 F1 R0 U1 D1 R0 F1 ,rogowybywbrobrworwogrogrbwwybbyywggoggygoyybrybwobwgrr
4084,F1 R0 U1 D1 R0 F1 ,owwowybywbrobrgorgogrogrbwwybbyywggyggyooyrbrgoyrbbrww
4085,R0 U1 D1 R0 F1 ,owwowybbobrobrgyrgrrwggwoobyyryywggyggwooyrbbgoyrbbrww
4086,U1 D1 R0 F1 ,owwowwbbbybbrrrggorrrggwooyyyryyrgggggwooyrbbooyybbwww
4087,D1 R0 F1 ,wwbwwboobrrrrrrggoggwggwooyyyryyrgggooyooyrbbybbybbwww
4088,R0 F1 ,wwbwwboobrrrrrrwwwggwggwggorrgyygyygooyooyooyybbybbrbb
4089,F1 ,wwwwwwooowrrwrrwrrgggggggggrrryyyyyyooyooyooybbbbbbbbb
4090,R2 U0 B2 F0 L1 R2 U0 B1 R0 U2 ,ggyowwwggwbboryobbbwrrgyrrgyywgyybbyybroowoogrrogbworw
4091,U0 B2 F0 L1 R2 U0 B1 R0 U2 ,ggwowywgybboyrobbwbworggrrryyygywbbgybroowooggroybwrrw
4092,B2 F0 L1 R2 U0 B1 R0 U2 ,woggwgyywgroyrobbwbborggrrryyygywbbgbwooowoogybrybwrrw
4093,F0 L1 R2 U0 B1 R0 U2 ,gbbgwgyywgroyrobbbbborggrrryyygywgowwwooowoogwrrwbyrby
4094,L1 R2 U0 B1 R0 U2 ,gbbgwggwoyroyrowbbrrbrgbrgobyggywgowwwyooyooywrrwbyrby
4095,R2 U0 B1 R0 U2 ,rbbrwgrwoyroyrowbbbrbggbggoyygyywrowyyywoowoowrgwbgrbg
4096,U0 B1 R0 U2 ,rbgrwwrwwbbworyorybrrggwggwyybyygrooyyywoowooorgbbgbbg
4097,B1 R0 U2 ,rrrwwbwwgorgoryorybbwggwggwyybyygroobrrwoowooyyybbgbbg
4098,R0 U2 ,wwbwwbwwgorrorrorrbbwggwggwyybyygyygrrrooooooyggybbybb
4099,U2 ,wwwwwwwwwooorrrrrrbbbggggggyyyyyyyyyrrroooooogggbbbbbb
4100,B2 L2 R2 B0 U1 L2 R0 D2 F1 R0 ,woywwgoyygwbgrorboyrrwgrgbbyywoywgywrobrorwgorygbbbbgo
4101,L2 R2 B0 U1 L2 R0 D2 F1 R0 ,wygwwgoyygwwgrrrbryrrwgrgbbyywoywyowooboorbgoogbbbbgyr
4102,R2 B0 U1 L2 R0 D2 F1 R0 ,yygowgyyygwwgrrrbrrrrbgrbbbwywwywoowogbrooboooggbbwgyy
4103,B0 U1 L2 R0 D2 F1 R0 ,yywowwyywrbrrrgwwgrrgbgbbbowygwygooyogbrooboobggrbwryy
4104,U1 L2 R0 D2 F1 R0 ,rggowwyywrbyrrowworrgbgbbbowygwygorbwgbyooyoorrbybgywg
4105,L2 R0 D2 F1 R0 ,gwwgwyroyrrgrrowwowgbbgbbbowygwygorbrrbyooyoorbyybgywg
4106,R0 D2 F1 R0 ,wwwwwyooyrrgrrowwoggbggbybogyggygrrbooyooybrrrbbybbyww
4107,D2 F1 R0 ,wwbwwbooowrrwrroogggggggybbgyygyyrrrooyooybrrybbybbwww
4108,F1 R0 ,wwbwwbooowrrwrrbrrggggggwwwrrryygyygooyooyoogybbybbybb
4109,R0 ,wwbwwbwwbrrrrrrrrrggwggwggwyygyygyygoooooooooybbybbybb
4110,L0 F1 B1 D0 L0 B2 F2 R2 L2 F2 ,oryrwyrorbrgwrgwbggwyyggrbbwoobywgowywwrogyybogbobboyr
4111,F1 B1 D0 L0 B2 F2 R2 L2 F2 ,rrybwyborbrgwrgwbgowyrggrbbgooyywrowyryyowbgwoggobboyw
4112,B1 D0 L0 B2 F2 R2 L2 F2 ,rrybwybwworgorggbgygbwgborrywwyywrowyrryoobgboggobboyw
4113,D0 L0 B2 F2 R2 L2 F2 ,byybwybwworrorrgbyygbwgborrywwyywgggrrrooowgbgbwgbyooo
4114,L0 B2 F2 R2 L2 F2 ,byybwybwworrorrorrygbwgbwgbgyygywgwwrrroooooogbwgbygby
4115,B2 F2 R2 L2 F2 ,yyyywywwworrorrorrbgbbgbbgbyyywywwwwoorooroorgbggbggbg
4116,F2 R2 L2 F2 ,wwwywywwworooroorobgbbgbbgbyyywywyyyrorrorrorgbggbggbg
4117,R2 L2 F2 ,wwwywyyyyrrorrorrobgbbgbbgbwwwwywyyyroorooroogbggbggbg
4118,L2 F2 ,wwwywwyyyorrorrorrbggbggbggwwwwyyyyyroorooroobbgbbgbbg
4119,F2 ,wwwwwwyyyorrorrorrgggggggggwwwyyyyyyoorooroorbbbbbbbbb
4120,R0 L1 B1 F1 U0 D1 R2 B0 L1 F1 ,wwwrwrwobowogrgybbbwyogobbrywgyyoyyoryrboyggrgggrbrwbo
4121,L1 B1 F1 U0 D1 R2 B0 L1 F1 ,wwyrwoworygobrwbgobwgogobboywwyyryygryrboyggrbggrbrwbo
4122,B1 F1 U0 D1 R2 B0 L1 F1 ,bwyowoborygobrwbgoywgygoyboowwryrgygryryogrbgbgwrbrwbw
4123,F1 U0 D1 R2 B0 L1 F1 ,ryrowoborygbbrwbgyywgygoyboowwryrowogyryoggbgwrwgbbbrw
4124,U0 D1 R2 B0 L1 F1 ,ryrowoybbwgbwrwogygoowgbyyyrggryrowogyryoogbbwrwgbbbrw
4125,D1 R2 B0 L1 F1 ,yorbwyborwrwwrwogywgbwgbyyyrggryrowogooyoogbbgyrgbbbrw
4126,R2 B0 L1 F1 ,yorbwyborwrwwrwbrwwgbwgbogygrogywrrogooyooyyygyrgbbgbb
4127,B0 L1 F1 ,yoobwwboowrbwrwwrwwggwggogggrrgyyrrrgooyooyyyyyrbbbbbb
4128,L1 F1 ,bwwbwwboowrrwrrwrrwggwggogggrrgyygyyooooooyyybbybbybbr
4129,F1 ,wwwwwwooowrrwrrwrrgggggggggrrryyyyyyooyooyooybbbbbbbbb
4130,L1 F2 U1 R0 L2 U1 R1 D2 B1 R0 ,wgogwwrowgobwryroogbowgbrrywbbryygyyoowgoryybyrbbbwggr
4131,F2 U1 R0 L2 U1 R1 D2 B1 R0 ,ggowwwrowgobwryroowborgbgryrbbwyybyywrbooyogyyrrbbgggw
4132,U1 R0 L2 U1 R1 D2 B1 R0 ,ggowwwbbryobyrybooyrgbgrobwworwyybyywrroowoggyrrbbgggw
4133,R0 L2 U1 R1 D2 B1 R0 ,owrgwbgwbyrgyryboowrrbgrobwworwyybyyyrroowoggyobbbgggw
4134,L2 U1 R1 D2 B1 R0 ,owrgwrgwwbyyorroygwrrbgyobywogwybbyyyrroowoggbobbbgrgw
4135,U1 R1 D2 B1 R0 ,wwrwwrbwwbyyorroygwrrggybbyooggybgyyggowoorryboobbbrgw
4136,R1 D2 B1 R0 ,rrwwwwwwbwrrorroygggoggybbyooggybgyyboowoorrybyybbbrgw
4137,D2 B1 R0 ,rrrwwbwwbrrgrrywooggwggwbbbooogyygyyboowoorryyyybbbggw
4138,B1 R0 ,rrrwwbwwbrrgrryrryggwggwggwyygyygoooboowoowooyyybbbbbb
4139,R0 ,wwbwwbwwbrrrrrrrrrggwggwggwyygyygyygoooooooooybbybbybb
4140,F0 L0 R0 F0 B0 U1 F1 R2 U1 L2 ,robrwgoorbwyyrbrrgbyyrggrwbgowbybgroyywbowwywoggwboygo
4141,L0 R0 F0 B0 U1 F1 R2 U1 L2 ,robrwgwwwowyorbrrgrrbwgybgyrybbybgroyygboowywoggwboygo
4142,R0 F0 B0 U1 F1 R2 U1 L2 ,oobowggwwowyorbrrgrrbrgywgyrybwybbrowbyyoywogoggwbbygr
4143,F0 B0 U1 F1 R2 U1 L2 ,oobowygwyroorrwgbyrrbrgbwgoryywywbrowbyyoywogwgggbbbgr
4144,B0 U1 F1 R2 U1 L2 ,oobowygyygoowrwybywrrggrobbgrrwywbrowbryoywoywgggbbbgr
4145,U1 F1 R2 U1 L2 ,owyowygyygoowrrybbwrrggrobbgrrwywwywbbrooyooybgwgbgrbg
4146,F1 R2 U1 L2 ,yyywwyoogwrrwrrybbbbrggrobbgrrwywwywbgwooyooygoogbgrbg
4147,R2 U1 L2 ,yyywwywwyrrrrrrgbbrrbbgbbgowyywywwywbggoooooogoogbgrbg
4148,U1 L2 ,yyywwwwwwbbgrrrrrrrrrbggbggwyywyywyybggooooooooobbgbbg
4149,L2 ,ywwywwywwrrrrrrrrrbggbggbggwyywyywyyooooooooobbgbbgbbg
4150,D2 R0 B1 L1 U2 F1 R1 D0 F1 L2 ,rrggwobwwbwworryyywbrggybrryggbyrgbogooyowoorowwbbgbyy
4151,R0 B1 L1 U2 F1 R1 D0 F1 L2 ,rrggwobwwbwworroorwbrggybyyobgrybggygooyowyyyowwbbgbrr
4152,B1 L1 U2 F1 R1 D0 F1 L2 ,rrrgwybwyooborwrrwwbgggbbyyobbrybggogooyowyyywwwobggrr
4153,L1 U2 F1 R1 D0 F1 L2 ,yyggwybwyoororrrrrwbgggbbyyobbrybwwbgoogowoyywgrwbrwog
4154,U2 F1 R1 D0 F1 L2 ,wyggwybwyoororrrrrobgrgbwyygbbrybrwbowyooyggowgbwbgwoy
4155,F1 R1 D0 F1 L2 ,ywbywggywowyorrrrrwgbrgbwyygbbrybrwboorooyggoobgwbgwoy
4156,R1 D0 F1 L2 ,ywbywgoorbwybrrgrrbbyggywrwryorybrwboowooygggobgwbgwoy
4157,D0 F1 L2 ,ywwywwoooyrrwrrbbgbbbgggwrrryyryyrwwoowooygggbbgbbgooy
4158,F1 L2 ,ywwywwoooyrrwrrwrrbbbggggggrrrwyywyyoowooyooybbgbbgbbg
4159,L2 ,ywwywwywwrrrrrrrrrbggbggbggwyywyywyyooooooooobbgbbgbbg
4160,R0 B2 F0 U2 R1 F2 B1 D2 F2 L1 ,goygwbwoybwrorwwygbgobgbywbrooyyggywwrrrororbgyrgbwoby
4161,B2 F0 U2 R1 F2 B1 D2 F2 L1 ,googwbwobwobyrwgwrbgobggywwrooyyggygwrrrororbyyrbbwyby
4162,F0 U2 R1 F2 B1 D2 F2 L1 ,gyggwbwobwooyrrgwwbgobggywwrooyygoogrrrworbrbybywbbryy
4163,U2 R1 F2 B1 D2 F2 L1 ,gyggwbbrrwooorrbwwybbwggwgogywyygoogrrrwoobroybywbbryy
4164,R1 F2 B1 D2 F2 L1 ,rrbbwggygrrrorrbwwybywggwgogywyygoogwoowoobroybbwbbryy
4165,F2 B1 D2 F2 L1 ,rrrbwwgyyrrwrrwrobybbwggwgggyyyygooowoowoobrogbbgbbwyy
4166,B1 D2 F2 L1 ,rrrbwwyygorworwoobggwggwbbyyygyygoooworworbrrgbbgbbwyy
4167,D2 F2 L1 ,bwwbwwyygorrorroorggwggwbbyyygyygbwwooroororrbbybbyggw
4168,F2 L1 ,bwwbwwyygorrorrorrggwggwggwwwbgyygyyoorooroorbbybbybby
4169,L1 ,bwwbwwbwwrrrrrrrrrwggwggwgggyygyygyyooooooooobbybbybby
4170,B0 R0 L0 U1 F0 B0 U1 R1 F2 B1 ,oyoowoorobwbbryrwwwbwygwyggrrybygwyrgggroogobyrygbwbbr
4171,R0 L0 U1 F0 B0 U1 R1 F2 B1 ,bywowoorobwrbryrwwwbwygwyggrrybyggrgoggyoooobbgybbrrwy
4172,L0 U1 F0 B0 U1 R1 F2 B1 ,bywowworgrbbwrwwyrwbyyggyggrrrbybgrboggyoooobogyobrwwy
4173,U1 F0 B0 U1 R1 F2 B1 ,yywrwwyrgrbbwrwwyrbbyoggoggwrryybyrboyooogbogoggobbwwr
4174,F0 B0 U1 R1 F2 B1 ,wwgywryrybbywrwwyroyooggoggwrryybyrboggoogbogrbbobbwwr
4175,B0 U1 R1 F2 B1 ,wwgywrgggybyrrwyyroooggyggowwbyybyrbogwoorborrbbobbwwr
4176,U1 R1 F2 B1 ,ywrywrgggybbrrryyyoooggyggowwbyyboobggwworworworwbbrbb
4177,R1 F2 B1 ,rrgwwgyygooorrryyyggwggyggowwbyyboobworworworybbwbbrbb
4178,F2 B1 ,rrrwwwyyyoryoryorygggggggggwwwyyyoooworworworbbbbbbbbb
4179,B1 ,rrrwwwwwwrryrryrrygggggggggyyyyyyooowoowoowoobbbbbbbbb
4180,D0 L1 U1 D1 B0 R0 U1 F1 L1 R2 ,goobwowgwgyybrbgwyoroygwbbyrrrgygygbwybworoowgwrobrryb
4181,L1 U1 D1 B0 R0 U1 F1 L1 R2 ,goobwowgwgyybrbbbyoroygwoowygrgyrbgrwybworrybgwrobrgwy
4182,U1 D1 B0 R0 U1 F1 L1 R2 ,oooywoogwgyybrbbbyyroggwbowygrryrrgrbrbyoywwrgwwobbgwg
4183,D1 B0 R0 U1 F1 L1 R2 ,oowowgoyoyrobrbbbybrbggwbowygrryrrgrgwwyoywwrgyyobbgwg
4184,B0 R0 U1 F1 L1 R2 ,oowowgoyoyrobrbgwgbrbggwbbyrrrgygyrrgwwyoybowgyyobbwwr
4185,R0 U1 F1 L1 R2 ,obgowgoyoyrrbrrgwybrbggwbbyrrrgyggybwwwooyoowwogwbyrby
4186,U1 F1 L1 R2 ,obbowwoyygbywrryrrbrrgggbbbrrrgywgywwwwooyoowooggbygby
4187,F1 L1 R2 ,bwybwyooobrrwrryrrwwwgggbbbrrrgywgywoogooyoowgbygbygby
4188,L1 R2 ,bwybwybwyrrrrrrrrrwgbwgbwgbgywgywgywooooooooogbygbygby
4189,R2 ,wwywwywwyrrrrrrrrrggbggbggbyywyywyywooooooooogbbgbbgbb
4190,B1 D1 L2 R1 D0 L0 R0 F2 L1 U0 ,grywwwyybrgobryybyogwbgygrroggyywoobwogwoowowbbrrbrrgb
4191,D1 L2 R1 D0 L0 R0 F2 L1 U0 ,wwwwwwyybrggbrrybyogwbgygrroggyywyyooogooobowrrbbbgbrr
4192,L2 R1 D0 L0 R0 F2 L1 U0 ,wwwwwwyybrggbrrbrrogwbgyybygwogyyoyyoogooogrrrrbbbgbow
4193,R1 D0 L0 R0 F2 L1 U0 ,gwwgwwoybrggbrrbrrwgwggybbywwowyyyyyrrgooogoorrybbbboo
4194,D0 L0 R0 F2 L1 U0 ,gwbgwboyrgrrgrrrbbwgwggwbbbwwwwyyyyyrrgooogooyryybbooo
4195,L0 R0 F2 L1 U0 ,gwbgwboyrgrrgrrbbbwgwggwgooywwyywyywrrgooooooyryybbrbb
4196,R0 F2 L1 U0 ,bwbbwbyyrgrrgrrbbbggwggwooowwwgywgywoorooroogyryybyrby
4197,F2 L1 U0 ,bwwbwwyyobggbrrbrrggwggwoowwwrgyygyyoorooroogrrybbybby
4198,L1 U0 ,bwwbwwrwwgggrrrrrrwoowggwggoyygyygyyoobooboobrrybbybby
4199,U0 ,wwwwwwwwwgggrrrrrroooggggggyyyyyyyyybbboooooorrrbbbbbb
4200,R2 D1 U1 L0 D2 B1 F1 U0 L2 D1 ,gobowoowbrgryryobrygwygrwwwrrbryrgwgobbbogoggyywbbwyoy
4201,D1 U1 L0 D2 B1 F1 U0 L2 D1 ,gobowrowgrboyryrgrygyygbwwyrrbryogwbobbbogoggwywrbwwoy
4202,U1 L0 D2 B1 F1 U0 L2 D1 ,gobowrowgrboyrywoyygyygbrgrbobrywrrgobbbogwwywywrbwogg
4203,L0 D2 B1 F1 U0 L2 D1 ,brgowwgooygyyrywoyobbygbrgrbobrywrrgwywbogwwyrborbwogg
4204,D2 B1 F1 U0 L2 D1 ,grgwwwoooygyyrywoybbbogbggroobyywrrgwbwwoyygwrbrrbrogb
4205,B1 F1 U0 L2 D1 ,grgwwwoooygyyryygwbbbogbogbgrrwyyboowbwwoywoyrbrrbrggr
4206,F1 U0 L2 D1 ,wwwwwwoooyggyrryggbbbogbogbgrrwyywyybbwooyooyrrrbbgrrg
4207,U0 L2 D1 ,wwwwwwyyyrggrrrgggbbbbggboowyywyywyybbooooooorrrbbgrrg
4208,L2 D1 ,ywwywwywwrrrrrrgggrggbggboowyywyywyybbboooooobbobbgrrg
4209,D1 ,wwwwwwwwwrrrrrrgggggggggoooyyyyyyyyyoooooobbbbbbbbbrrr
4210,R2 B0 U1 D2 F1 B0 U1 D0 R1 L1 ,ggyowyywowggwrgyyogbgrggowbyrryyobbwwwrrobwbboorrbybor
4211,B0 U1 D2 F1 B0 U1 D0 R1 L1 ,ggrowoywwoyygrwggwgbbrgrowoyryyyybbowwrrobwbbborgbygor
4212,U1 D2 F1 B0 U1 D0 R1 L1 ,ywwowoywwoyogrbggbgbbrgrowoyryyyywrwrwrgobgbbggboboryr
4213,D2 F1 B0 U1 D0 R1 L1 ,wowwwwyoygbbgrbggbrwrrgrowoyryyyywrwggbgobgbboyooboryr
4214,F1 B0 U1 D0 R1 L1 ,wowwwwyoygbbgrbgbbrwrrgrryrwrwyyyyryggbgobggboyooboowo
4215,B0 U1 D0 R1 L1 ,wowwwwgggwbbrrbwbbrrrwgyrrrbbbyyyyryggygooggyoyooboowo
4216,U1 D0 R1 L1 ,bbbwwwgggwbyrrrwbyrrrwgyrrrbbbyyygggwgyooowgyooowbyooo
4217,D0 R1 L1 ,bwgbwgbwgrrrrrrwbywgywgyrrrbbbyyygggoooooowgywbywbyooo
4218,R1 L1 ,bwgbwgbwgrrrrrrrrrwgywgywgygybgybgybooooooooowbywbywby
4219,L1 ,bwwbwwbwwrrrrrrrrrwggwggwgggyygyygyyooooooooobbybbybby
4220,D2 R1 F1 B2 R1 F1 D2 B2 U0 L0 ,wyrwwywwyooborggryrrgggwybwgyobyybooobggorrrrwgbobwbby
4221,R1 F1 B2 R1 F1 D2 B2 U0 L0 ,wyrwwywwyooborgrrrrrgggwbbyoobyyboygobggorgrywgbobwybw
4222,F1 B2 R1 F1 D2 B2 U0 L0 ,wyywwowwwbgrorroorrrrggybbyoogyywoyyobggorgryggbbbwbbw
4223,B2 R1 F1 D2 B2 U0 L0 ,wyywwobooggrorroorryyrgbrgbgryyywoyyobwgowgrwggbbbwbbw
4224,R1 F1 D2 B2 U0 L0 ,yyowwoboogggorgoooryyrgbrgbgryyywyywrbwrowrrwwbbwbbbgg
4225,F1 D2 B2 U0 L0 ,yybwwwbowggogrogooryorgorgogryyybyybrbwrowrrwwbbwbbygg
4226,D2 B2 U0 L0 ,yybwwwgggygorrogoooooyggrrrwwwyybyybrbwroorrbwbbwbbygg
4227,B2 U0 L0 ,yybwwwgggygorrorrboooyggyggbyybyywwwrbwroogoowbbwbbrrr
4228,U0 L0 ,wwwwwwgggyggrrrrrroooyggyggbyybyybyybbwoooooorrrbbwbbw
4229,L0 ,gwwgwwgwwrrrrrrrrryggyggyggbyybyybyyooooooooobbwbbwbbw
4230,R2 F0 L0 D1 U1 B1 R2 F0 D1 B0 ,gwwgwoowobgryrryoogbwggryybbbrbyywwgrwygoygooboybbrwrr
4231,F0 L0 D1 U1 B1 R2 F0 D1 B0 ,gwrgwyowgooyrryrgbgbwggbyybbbwbyowworwygoygooboyrbrwrr
4232,L0 D1 U1 B1 R2 F0 D1 B0 ,gwrgwyoyyooywryggbyggygbbbwrrobyowworwbgobgowboyrbrwrr
4233,D1 U1 B1 R2 F0 D1 B0 ,rwrrwyyyyooywryggbgggggbobwyroyyobwoggroowwbbbowrbbwrr
4234,U1 B1 R2 F0 D1 B0 ,rwrrwyyyyooywrywrrgggggbggbooorywyybggroowobwbowrbbwbb
4235,B1 R2 F0 D1 B0 ,ryywwyrrygggwrywrrggrggbggbooorywyybbowoowobwooyrbbwbb
4236,R2 F0 D1 B0 ,oobwwyrryggrwrywryggrggbggbooorywrygyowyowbbwybbobborw
4237,F0 D1 B0 ,ooowwwrrgyrwyrwrggggoggoggyoobryyryyyowyowbbwbbbbbbrrw
4238,D1 B0 ,ooowwwwwwrrwrrwgggggggggyooryyryyryyyooyoobbbbbbbbbrrw
4239,B0 ,ooowwwwwwrrwrrwrrwgggggggggyyyyyyrrryooyooyoobbbbbbbbb
4240,R2 F1 D1 U2 F2 L0 D0 R2 U1 L1 ,owgywwbrybrrrrbroywbooggrybbgwgywgyrwrogoyooywbgobwgby
4241,F1 D1 U2 F2 L0 D0 R2 U1 L1 ,owwywwbrryorbrrrrbwbgogorywbgggywgyywrogoyooybbggbwoby
4242,D1 U2 F2 L0 D0 R2 U1 L1 ,owwywwybrgorgrrbrbgowbgyworoyygywgyywrrgoroobbbggbwoby
4243,U2 F2 L0 D0 R2 U1 L1 ,owwywwybrgorgrrobygowbgybrbywyyyyoggwrrgorworbbggbwoob
4244,F2 L0 D0 R2 U1 L1 ,rbywwywwowrrgrrobybbgbgybrbywyyyyogggorgorworgowgbwoob
4245,L0 D0 R2 U1 L1 ,rbywwyywyrrrrrrrbybrbygbgbbowwyyyogggoogogwowgowgbwoob
4246,D0 R2 U1 L1 ,bbywwywwyrrrrrrrbyrrbwgbybbbwwyyygggwggooowgogoogbyooo
4247,R2 U1 L1 ,bbywwywwyrrrrrrybbrrbwgbwgogybgywgywwggoooooogoogbyrby
4248,U1 L1 ,bbbwwwwwwbbyrrrrrrrrrwggwgggyygyygyywggooooooooobbybby
4249,L1 ,bwwbwwbwwrrrrrrrrrwggwggwgggyygyygyyooooooooobbybbybby
4250,D1 R0 L2 F2 D1 U1 L1 R2 U2 B1 ,yboowgrgworggrgrrgwobygwrbwbrgwyyywogbbyooooywwrybbyrb
4251,R0 L2 F2 D1 U1 L1 R2 U2 B1 ,yboowgrgworggrgyrbwobygwrrggyorywbwygbbyoorbwwwrybbooy
4252,L2 F2 D1 U1 L1 R2 U2 B1 ,ybbowwrggygorrrbggwooygwrrygyoryybwwgbbyoorbwwwrgbbooy
4253,F2 D1 U1 L1 R2 U2 B1 ,gbbrwwbggygorrrbggyoobgwrryyyooyyrwwwbrooybbgwwrgbyoow
4254,D1 U1 L1 R2 U2 B1 ,gbbrwwoyyggoyrrrggyrrwgbooyggboyyrwwwbboorbbywwrgbyoow
4255,U1 L1 R2 U2 B1 ,gbbrwwoyyggoyrroowyrrwgbrggbywgywgorwbboorooywwrgbybby
4256,L1 R2 U2 B1 ,bwybwygroyrryrroowwbbwgbrggbywgywgorwwroorooyggogbybby
4257,R2 U2 B1 ,wwywwyrroyrryrroowbbbggbgggyywyywoorrrywoowooggggbbbbb
4258,U2 B1 ,wwwwwwrrrwoorryrrybbbggggggyyyyyyooorrywoowoogggbbbbbb
4259,B1 ,rrrwwwwwwrryrryrrygggggggggyyyyyyooowoowoowoobbbbbbbbb
4260,D2 U2 F2 D1 R1 L2 F1 B0 U2 L1 ,owobwgboryoyyrorbbrygygbbwwwggryrroywwwyorygogrgbbgowb
4261,U2 F2 D1 R1 L2 F1 B0 U2 L1 ,owobwgboryoyyroygorygygbowbyorryrggwwwwyorrbbgrgbbgbww
4262,F2 D1 R1 L2 F1 B0 U2 L1 ,robgwbowowwwyroygogrgygbowbyorryrggwyoyyorrbbrygbbgbww
4263,D1 R1 L2 F1 B0 U2 L1 ,robgwbroybwwrroygobwobgygrgoworyrggwyoyyoyrbwrygbbgbww
4264,R1 L2 F1 B0 U2 L1 ,robgwbroybwwrrobwwbwobgyygoorwwygorgyoyyoygrgrygbbgrbw
4265,L2 F1 B0 U2 L1 ,rorgwbrorwowwrwbrbbwbbgbygyorowyyoroyoyyoygrggyggbgwbw
4266,F1 B0 U2 L1 ,oorwwboorwowwrwbrbwwbggbggyrrogyyrrogrgyoyyoygyygbbwbb
4267,B0 U2 L1 ,oorwwbwwboowrrwrrbbbywggwgggyygyyrrogrryooyoogyygbbwbb
4268,U2 L1 ,wwbwwbwwbooorrrrrrbbywggwgggyygyygyyrrroooooowggbbybby
4269,L1 ,bwwbwwbwwrrrrrrrrrwggwggwgggyygyygyyooooooooobbybbybby
4270,R1 F2 U2 D1 R2 B1 D0 U2 R2 B0 ,gorrwgoyrgobrrrywrbgwogwggborryybowgybwwoybbwwboybgyoy
4271,F2 U2 D1 R2 B1 D0 U2 R2 B0 ,goyrwyoywbrrorwgrybgroggggrorwyywowbybwwoybbwgbobbgroy
4272,U2 D1 R2 B1 D0 U2 R2 B0 ,goyrwywrowrryrwwryrggggorgbwyoyywowbybgwoobbbgbobbgroy
4273,D1 R2 B1 D0 U2 R2 B0 ,orwywryogybgyrwwrygboggorgbwyoyywowbwrrwoobbbrggbbgroy
4274,R2 B1 D0 U2 R2 B0 ,orwywryogybgyrwroygboggowryowbyywwyowrrwoorgbrggbbgbbb
4275,B1 D0 U2 R2 B0 ,orbywwyooyorwrygbygbbggbwrrowwyyrwygwrrwoorgbyggobgobb
4276,D0 U2 R2 B0 ,rwwywwyooyoowrrgbbgbbggbwrrowwyyryyrwrryooggbggbgbbyoo
4277,U2 R2 B0 ,rwwywwyooyoowrrwrrgbbggbggbyyoyywrrwwrryooyooggbgbbgbb
4278,R2 B0 ,ooywwywwrwrrwrrwrrggbggbggbyyoyywrrwyooyooyoogbbgbbgbb
4279,B0 ,ooowwwwwwrrwrrwrrwgggggggggyyyyyyrrryooyooyoobbbbbbbbb
4280,L0 F1 D1 L1 F2 B2 U0 R0 B0 F2 ,grrrwyobowgywrywoygogbggbggrrryywbgorwyrowoowbbybbybow
4281,F1 D1 L1 F2 B2 U0 R0 B0 F2 ,wrrywyybowgywrywoygogrggogggrrbywbgoorroowwwybbbbbybor
4282,D1 L1 F2 B2 U0 R0 B0 F2 ,wrrywywwwrgyrrygoygggogggrorwybywbgoorooobwwybbbbbybor
4283,L1 F2 B2 U0 R0 B0 F2 ,wrrywywwwrgyrryborgggogggoyywowygrbborooobgrobbbbbywwy
4284,F2 B2 U0 R0 B0 F2 ,grrowygwwrgyrryboryggwggroyywoyygbbbobororoogbbwbbywww
4285,B2 U0 R0 B0 F2 ,grrowyowyggyrryooryorggwggywwgyygbbbobbroroorbbwbbywww
4286,U0 R0 B0 F2 ,bbbowyowyggorrroooyorggwggywwgyygrrgrbbyoryorwwwybbwbb
4287,R0 B0 F2 ,oobwwbyybwwwrrroooggoggwggywwgyygrrgyoryoryorrbbybbwbb
4288,B0 F2 ,ooowwwyyyorworworwgggggggggwwwyyyrrryoryoryorbbbbbbbbb
4289,F2 ,wwwwwwyyyorrorrorrgggggggggwwwyyyyyyoorooroorbbbbbbbbb
4290,U1 R0 B2 L1 U1 R0 B2 F2 U1 B2 ,rbrbwwyyyrowbrowbobobygwbrorwggyywwyyrorogbrwgoggbyggo
4291,R0 B2 L1 U1 R0 B2 F2 U1 B2 ,rwybwyrbybobbrowboyroygwbrorwggyywwygogrogbrwrowgbyggo
4292,B2 L1 U1 R0 B2 F2 U1 B2 ,rwobwwrbowbbbrooobyrgygybryrwggygwwrgogrogbrwyowybyygo
4293,L1 U1 R0 B2 F2 U1 B2 ,rwwbwwrbowbbbrroogyrgygybryrwggygowrbogoogbrwogyybywoy
4294,U1 R0 B2 F2 U1 B2 ,ywwywwbbowbbbrroogrrgggyoryywgyygywrggwoorbobogrybbwor
4295,R0 B2 F2 U1 B2 ,wwowwbyybrrgbrroogggwggyoryywgyygywrogroorbobwbbybbwor
4296,B2 F2 U1 B2 ,wwwwwyyyyobrorrgrgggggggorrywwyyyywwogroorbobbbbbbboor
4297,F2 U1 B2 ,wwywwyyyyobborogroggggggorrywwyyywwwggrrorrobroobbbbbb
4298,U1 B2 ,wwywwywwybbbrrorrorroggggggyyyyyywwwgggroorooroobbbbbb
4299,B2 ,yyywwwwwwrrorrorrogggggggggyyyyyywwwroorooroobbbbbbbbb
4300,D1 F1 R0 B1 F0 U0 R0 L1 D1 F1 ,wgywwrrbbwyorrwwogboowgwwyorggbygooybbybooyygbrrgbrryg
4301,F1 R0 B1 F0 U0 R0 L1 D1 F1 ,wgywwrrbbwyorrwrygboowgwwogggygyorbobbyboowyobrrgbryyg
4302,R0 B1 F0 U0 R0 L1 D1 F1 ,wgywwrwrryyogrwgygowgogobwwyoogyorbobbbbobwyrbrrgbryyg
4303,B1 F0 U0 R0 L1 D1 F1 ,wggwwowrwggyyrygwoowoogobwoyoygygrbbbbbbobwyrrrrrbryyg
4304,F0 U0 R0 L1 D1 F1 ,wbbwwowrwggwyrggwgowoogobwoyoygygoyyrbbbobbyrrrgrbyrry
4305,U0 R0 L1 D1 F1 ,wbbwworbbwgwrrgwwgboowgwooogyggygoyyrbyboobyyrrgrbyrry
4306,R0 L1 D1 F1 ,rwwbwbbobrrgrrgwwgwgwwgwooogyggygoyybooboobyyrbyrbyrry
4307,L1 D1 F1 ,rwwbwwboowrrwrrgggwggwggooygyrgyroyrbooboobyybbybbywry
4308,D1 F1 ,wwwwwwooowrrwrrgggggggggooyyyryyryyrooyooybbbbbbbbbwrr
4309,F1 ,wwwwwwooowrrwrrwrrgggggggggrrryyyyyyooyooyooybbbbbbbbb
4310,U1 R1 L2 F0 U0 L0 B0 R0 D0 L1 ,oobrwbbrwrrorrgowwyygbggbyyoggoybybrwwrwooryywggwbobyg
4311,R1 L2 F0 U0 L0 B0 R0 D0 L1 ,bbwowrorbyygrrgowwwwrbggbyyoggoybybrwggwooryyrrowbobyg
4312,L2 F0 U0 L0 B0 R0 D0 L1 ,bbbowworrggwyrwyrowwwbgrbybogroygybywggwooryyrrobbogyg
4313,F0 U0 L0 B0 R0 D0 L1 ,obbowwyrrggwyrwyrogwwogroybbgroygobyyyroowggwrrbbbbgyw
4314,U0 L0 B0 R0 D0 L1 ,obbowwwwrygwrrwrrooogygwbrwyygoygobyyyboogggrrrbbbbgyw
4315,L0 B0 R0 D0 L1 ,woowwbrwbrrbrrwrroygwygwbrwyygoygobyoogoogggryybbbbgyw
4316,B0 R0 D0 L1 ,woobwbbwbrrbrrwrrowgwwgwrrwyygyygbbygoogoorggyyobbogyy
4317,R0 D0 L1 ,bwobwbbwbrryrrbrrbwgwwgwrrwyygyygggroooooowgggbyybyyoo
4318,D0 L1 ,bwwbwwbwwrrrrrrbbywggwggrrryyyyyygggoooooowggbbybbyooo
4319,L1 ,bwwbwwbwwrrrrrrrrrwggwggwgggyygyygyyooooooooobbybbybby
4320,D2 B2 R1 D2 U2 F2 R2 D2 F1 L0 ,boobwgbwgwybrroorgwbrbgybbgyywgywgroroooorywryywwbgygr
4321,B2 R1 D2 U2 F2 R2 D2 F1 L0 ,boobwgbwgwybrroywrwbrbgyygrorgwygwyyroooororgyywwbgbbg
4322,R1 D2 U2 F2 R2 D2 F1 L0 ,yywbwgbwgwyorroywrwbrbgyygrorgwygoobroooorbrggbbgbwwyy
4323,D2 U2 F2 R2 D2 F1 L0 ,yywbwgbwgooryrwwrywbwbggyggorrwyyoorroooorbrgbbbgbwgyy
4324,U2 F2 R2 D2 F1 L0 ,yywbwgbwgooryrwbrgwbwbgggyyrooyywrroroooorwrybbbgbwygg
4325,F2 R2 D2 F1 L0 ,gwbgwbwyyrooyrwbrgbbbbgggyyrooyywrroooroorwrywbwgbwygg
4326,R2 D2 F1 L0 ,gwbgwbooryoorrwrrgyygggbbbbyywyywrrooobooywrrwbwgbwygg
4327,D2 F1 L0 ,gwwgwwooogrrwrrooyyyygggbbwyybyybrrroobooywrrbbwbbwggg
4328,F1 L0 ,gwwgwwooogrrwrrwrryyyggggggrrrbyybyyoobooyooybbwbbwbbw
4329,L0 ,gwwgwwgwwrrrrrrrrryggyggyggbyybyybyyooooooooobbwbbwbbw
4330,F1 D0 R1 B2 U0 F2 L0 R2 F1 B2 ,owoywyroogobgrgrrrgbyogyrwgbryoyywbbwbwwowbgyybgrbgwro
4331,D0 R1 B2 U0 F2 L0 R2 F1 B2 ,owoywyggryobrrgbrryygbgwgorwwyoyywbbwbowoobgrybgrbgwro
4332,R1 B2 U0 F2 L0 R2 F1 B2 ,owoywyggryobrrggoryygbgwbgrwowbywbyywbowoowroybgrbgbrr
4333,B2 U0 F2 L0 R2 F1 B2 ,owbywrggybgroroyrgyyobgybgrwogbywbyrwbowoowroybgwbgwrr
4334,U0 F2 L0 R2 F1 B2 ,rybywrggybgworwyrwyyobgybgrwogbywbwogboooorrorrwgbwgby
4335,F2 L0 R2 F1 B2 ,gyrgwyyrbrrworwyrwbgwbgybgrwogbywbwoyyoooorrogbogbwgby
4336,L0 R2 F1 B2 ,gyrgwygoworworworwrgbygbwgbbrybywbwoyyyooorrrgbogbwgby
4337,R2 F1 B2 ,yyrwwyooworworworwggbggbggbrryyywwworoyroyroygbbgbbgbb
4338,F1 B2 ,yyywwwooowrowrowrogggggggggrrryyywwwroyroyroybbbbbbbbb
4339,B2 ,yyywwwwwwrrorrorrogggggggggyyyyyywwwroorooroobbbbbbbbb
4340,B2 U1 D1 L1 B0 U0 R0 B2 F2 R2 ,ggywwrwywogorrowgrbgbygyrrgbbrrywwbgyorbobowybooyboywg
4341,U1 D1 L1 B0 U0 R0 B2 F2 R2 ,gbwwwrwywogorrbwgybgbygyrrgbbrrywyggroroobowygwyobyoob
4342,D1 L1 B0 U0 R0 B2 F2 R2 ,wrwbwygwwbgbrrbwgyrorygyrrgbbrrywygggwyoobowyogoobyoob
4343,L1 B0 U0 R0 B2 F2 R2 ,wrwbwygwwbgbrrboobrorygywgyrwgbygbrygwyoobrrgogoobyowy
4344,B0 U0 R0 B2 F2 R2 ,rrwywywwwbgbrrboobrorbgybgyywgyygoryybgworgoroggobboww
4345,U0 R0 B2 F2 R2 ,bbbywywwwbgyrrrooororbgybgyywgyygywgwbgrorrorooowbgwbg
4346,R0 B2 F2 R2 ,wybwwbwybooorrrooobgybgybgyywgyygywgrorrorrorwbgwbgwbg
4347,B2 F2 R2 ,wyywwywyyorooroorobggbggbggywwyywywwrorrorrorbbgbbgbbg
4348,F2 R2 ,wwywwywyyorrorrorrbggbggbggywwyywyywoorooroorgbbgbbgbb
4349,R2 ,wwywwywwyrrrrrrrrrggbggbggbyywyywyywooooooooogbbgbbgbb
4350,D2 U1 R2 L2 F1 R2 L1 F2 D0 U1 ,rgbgwwywbooooryroggbyyggwoygybyybwrowwrwoggbowrbrbrybr
4351,U1 R2 L2 F1 R2 L1 F2 D0 U1 ,rgbgwwywboooorygbogbyyggybrorwbyybygwwrwogrogwrbrbrwoy
4352,R2 L2 F1 R2 L1 F2 D0 U1 ,bwbgwwrgygbyorygbowwryggybrorwbyybygwrbwogrogooorbrwoy
4353,L2 F1 R2 L1 F2 D0 U1 ,bwwgwyrggobgyroybgwwwygryboorbbywbyywrbwogrogroogbrroy
4354,F1 R2 L1 F2 D0 U1 ,owwbwybggobgyroybgywwrgrobobrbgywryygorgowbrwroygbyrow
4355,R2 L1 F2 D0 U1 ,owwbwyoyybbgrrobbgwrowgbyrorwwgywryygoggogbrbroygbyrow
4356,L1 F2 D0 U1 ,owwbwwoyygbborrgbbwrrwggyrrrwwgyyryygoggogbrbooybbyoow
4357,F2 D0 U1 ,wwwwwwyyygbborrgbbrrrgggrrrwwwyyyyyyggboorggbooobbbooo
4358,D0 U1 ,wwwwwwwwwbbbrrrbbbrrrgggrrryyyyyyyyygggooogggooobbbooo
4359,U1 ,wwwwwwwwwbbbrrrrrrrrrggggggyyyyyyyyygggooooooooobbbbbb
4360,D0 U0 R2 D2 U2 F0 R2 L1 D2 R0 ,ygorwwryybbwrrygwwbooggwyorobwyyobbogyyrowwggborbbggrr
4361,U0 R2 D2 U2 F0 R2 L1 D2 R0 ,ygorwwryybbwrryyorbooggwwggbyobyboowgyyrowgrrborbbggww
4362,R2 D2 U2 F0 R2 L1 D2 R0 ,rryywgywoborrryyorbbwggwwggbyobyboowboorowgrrgyybbggww
4363,D2 U2 F0 R2 L1 D2 R0 ,rroywbywwroyyrrrobbbgggbwggbyybygoooboorowgrrgyywbgwww
4364,U2 F0 R2 L1 D2 R0 ,rroywbywwroyyrrgrrbbgggbwwwooogybyybboorowrobgyywbgwgg
4365,F0 R2 L1 D2 R0 ,wwybwyorrbooyrrgrrgyyggbwwwooogybyybroyrowrobbbgwbgwgg
4366,R2 L1 D2 R0 ,wwybwybwyooorrrrrrwggwgywbygybgybyybroorooroobbgwbgwgg
4367,L1 D2 R0 ,wwbbwbbwbrrrrrrooowgwwgwwbbgyygyyyyyrooroorooybgybgggg
4368,D2 R0 ,wwbwwbwwbrrrrrroooggwggwybbgyygyygyyoooooorrrybbybbggw
4369,R0 ,wwbwwbwwbrrrrrrrrrggwggwggwyygyygyygoooooooooybbybbybb
4370,D0 B1 L2 F0 U1 B1 D2 R0 L0 B1 ,oyggwrorwbyrorobyywwrbgbgworbwoybgwbyrggoroyywgbwborgy
4371,B1 L2 F0 U1 B1 D2 R0 L0 B1 ,oyggwrorwbyrorogwowwrbgboyygorwybbbwyrggorrgywgbwbobyy
4372,L2 F0 U1 B1 D2 R0 L0 B1 ,rgygwrorwbyoorygwgwwrbgboyygorwyboorbrgborwgyboygbywwb
4373,F0 U1 B1 D2 R0 L0 B1 ,ggywwrorwbyoorygwgbwrygbyyyrorgyboorygwrobgrbboogbbwww
4374,U1 B1 D2 R0 L0 B1 ,ggywwrbbwoyorrywwgyybygwybrgobgyboorygrroogrrboogbbwww
4375,B1 D2 R0 L0 B1 ,yrwgwbgwbyybrrywwgygrygwybrgobgyboorbooroogrroyogbbwww
4376,D2 R0 L0 B1 ,grbgwbgwbyyyrrrwwwygrygwybrgobgybgyboooooorrrobwybwogw
4377,R0 L0 B1 ,grbgwbgwbyyyrrrrrrygrygwogwbygbygbogoooooowwwobwybwybr
4378,L0 B1 ,grrgwwgwwrryrryrryyggyggoggbyybyyboooooooowwwbbwbbwbbr
4379,B1 ,rrrwwwwwwrryrryrrygggggggggyyyyyyooowoowoowoobbbbbbbbb
4380,F2 L1 R1 F2 D2 L0 R1 U0 B0 R2 ,ryyowyrwoboborrbgggowbggggyyrowywwywybwwoyrrorrgbbbogb
4381,L1 R1 F2 D2 L0 R1 U0 B0 R2 ,ryyowyoryoobyrrwggyggggbwogowrwywwywybbwoorrbrrgbbbogb
4382,R1 F2 D2 L0 R1 U0 B0 R2 ,yyygwywryoobyrrwggoggwgbwogbwrbywgywbobborywrrrobboogr
4383,F2 D2 L0 R1 U0 B0 R2 ,yyogwbwrrbrgorgoywogywgywoybwgbybgygbobborywrwrowborgr
4384,D2 L0 R1 U0 B0 R2 ,yyogwbgwbrrgrrgbywyowygwygorrwbybgygboobooywbwrowborgr
4385,L0 R1 U0 B0 R2 ,yyogwbgwbrrgrrgywbyowygwrgrgygbybwrrbooboobywwrowboygo
4386,R1 U0 B0 R2 ,oyoowbowbrrgrrgywbyowggwggryygyybrrrbbbyoowoowrwwbbygg
4387,U0 B0 R2 ,oyyowwowwggbrrwrryyooggbggbyywyywrrrbbbyoowoorrwbbbggg
4388,B0 R2 ,ooowwywwyrrwrrwrryggbggbggbyywyywrrryooyoowoobbbbbbggg
4389,R2 ,wwywwywwyrrrrrrrrrggbggbggbyywyywyywooooooooogbbgbbgbb
4390,R1 U1 B1 F1 U0 R0 D1 F0 B2 D0 ,bywwwoorwrwoyrowygyggggrbwbyrowybgrorgbboyybrgowgboybr
4391,U1 B1 F1 U0 R0 D1 F0 B2 D0 ,byywwgorgoogwryrywygwggobwwyrgwyrgrbrgbboyybroowbboobr
4392,B1 F1 U0 R0 D1 F0 B2 D0 ,yggywrbwoygwwryrywrgbggobwwyrgwyrgrboowboyybroogbboobr
4393,F1 U0 R0 D1 F0 B2 D0 ,yboywrbwoygywrgrygrgbggobwwyrgwyrwywgowroybbrgorobbobo
4394,U0 R0 D1 F0 B2 D0 ,yboywrywrggyrrgyygbowggwrgbwyrwyrwywgoorowbbbgorobbobo
4395,R0 D1 F0 B2 D0 ,yyywwbrrogorrrgyygggyggwrgbwyrwyrwywbowrowbbbgooobbobo
4396,D1 F0 B2 D0 ,yyywwwrrbyrgyroggrggrggrrgwwyowyowygbowrowbbbooobbbybo
4397,F0 B2 D0 ,yyywwwrrbyrgyroyboggrggrggroogyyywwwbowrowrgwooobbbbbb
4398,B2 D0 ,yyywwwwwwrrgrrobboggggggrrryyyyyywwwbooroorggooobbbbbb
4399,D0 ,wwwwwwwwwrrrrrrbbbggggggrrryyyyyyyyyoooooogggbbbbbbooo
4400,D2 R2 L1 U2 R0 L2 U0 B0 R0 F2 ,ywrgwwbbyorgorgbybrrgbgggyowrwyybowrbrwbowgoryooyboygw
4401,R2 L1 U2 R0 L2 U0 B0 R0 F2 ,ywrgwwbbyorgorggorrrgbggygwrwobyywrwbrwbowbybyooybogyo
4402,L1 U2 R0 L2 U0 B0 R0 F2 ,ywogwybbwroggrogrorrgbgyygyrwrbywwrybrwbowbybwoogbogyo
4403,U2 R0 L2 U0 B0 R0 F2 ,rwobwyybwroggrogrorrgbgywgyowroyworywwbroybbbwobgbggyy
4404,R0 L2 U0 B0 R0 F2 ,wbyywbowrwwbgrogrowobbgywgyowroyworyrogroybbbrrggbggyy
4405,L2 U0 B0 R0 F2 ,wbbywyowyggwrrwoobworbgwwgyowgoygorrrogroybbbrrgbbgyyy
4406,U0 B0 R0 F2 ,obbowyowyggwrrwoobyorggwggywwgyygorrbbbyorgorrrwbbbyyw
4407,B0 R0 F2 ,ooowwbyybrrwrrwoobggwggwggywwgyygorryoryorgorbbbbbbyyw
4408,R0 F2 ,wwbwwbyybrrrrrroooggwggwggywwgyygyygoorooroorybbybbwbb
4409,F2 ,wwwwwwyyyorrorrorrgggggggggwwwyyyyyyoorooroorbbbbbbbbb
4410,L0 D0 R2 U0 F0 B2 R2 F2 B2 L2 ,oyrgwwgyyrrwrrwybboobrgbrggyoobyyrwybywbogboggrwgbwoow
4411,D0 R2 U0 F0 B2 R2 F2 B2 L2 ,wyrwwwwyyrrwrrwybboobggbgggoooryyrwybbbooyggwgrrgbbooy
4412,R2 U0 F0 B2 R2 F2 B2 L2 ,wyrwwwwyyrrwrrwgggoobggbggwrrowyoyyobbbooyooygrrgbbybb
4413,U0 F0 B2 R2 F2 B2 L2 ,wyowwowyogggwrrwrrooyggggggrrrwywyyybbbooyooywrrbbbbbb
4414,F0 B2 R2 F2 B2 L2 ,wwwywyooowrrwrrwrrgggggggggrrrwywyyyooyooyooybbbbbbbbb
4415,B2 R2 F2 B2 L2 ,wwwywyyyyorrorrorrgggggggggwwwwywyyyoorooroorbbbbbbbbb
4416,R2 F2 B2 L2 ,yyyywyyyyorooroorogggggggggwwwwywwwwrorrorrorbbbbbbbbb
4417,F2 B2 L2 ,yywywwyyworoorooroggbggbggbwwywyywwyrorrorrorgbbgbbgbb
4418,B2 L2 ,yywywwywwrrorrorrobggbggbggwyywyywwyroorooroogbbgbbgbb
4419,L2 ,ywwywwywwrrrrrrrrrbggbggbggwyywyywyyooooooooobbgbbgbbg
4420,R2 F0 D0 L0 R0 U0 L0 B0 U1 L1 ,gwwgwrrrbwborrgbbgwwoogybbyyyoyyoowywobyowygrgbrrborgg
4421,F0 D0 L0 R0 U0 L0 B0 U1 L1 ,gwogworrygbbgrrobwwwrogrbbgyywyyrowbwobyowygrybryboogg
4422,D0 L0 R0 U0 L0 B0 U1 L1 ,gwogworwbrbbrrrybwbowbgwgrroggyyrowbwoyyoyygwybryboogg
4423,L0 R0 U0 L0 B0 U1 L1 ,gwogworwbrbbrrrgrrbowbgwygwoyowygbrgwoyyoyoggybryboybw
4424,R0 U0 L0 B0 U1 L1 ,wwooworwbrbbrrrgrrgowggwrgwbyobygyrgoywgoogyyybbybwybo
4425,U0 L0 B0 U1 L1 ,wwwowwrwwgrrrrbrrbgoogggrggbyybyyyryoywgoogyybbbobwobo
4426,L0 B0 U1 L1 ,rowwwwwwwbbbrrbrrbgrrgggrggbyybyyyrygoogoogyyoywobwobo
4427,B0 U1 L1 ,oowwwwwwwbbbrrbrrbrrrwggwgggyygyyrrygggyooyoooyyobbobb
4428,U1 L1 ,bbbwwwwwwbbyrrrrrrrrrwggwgggyygyygyywggooooooooobbybby
4429,L1 ,bwwbwwbwwrrrrrrrrrwggwggwgggyygyygyyooooooooobbybbybby
4430,D0 U0 F0 D2 L2 F1 B2 R2 F0 B1 ,oyoowryyrgggrrwgbbrowggbroywwryyyywybbboowggbwrwbbgoro
4431,U0 F0 D2 L2 F1 B2 R2 F0 B1 ,oyoowryyrgggrrwroyrowggbggbyywwywyyrbbbooworowrwbbggbb
4432,F0 D2 L2 F1 B2 R2 F0 B1 ,yooywyrrowrwrrwroygggggbggbyywwywyyrrowooworobbbbbggbb
4433,D2 L2 F1 B2 R2 F0 B1 ,yooywyowwrrwrrwooyggggggbbgrrwwywyyrroyooyorwbbbbbggbb
4434,L2 F1 B2 R2 F0 B1 ,yooywyowwrrwrrworwgggggggbbryywywwrrroyooyooybbbbbgbbg
4435,F1 B2 R2 F0 B1 ,roowwywwwrrwrrworwggggggbbbyyyyyworryooyooyorbbgbbgbbg
4436,B2 R2 F0 B1 ,roowwyrroyrwyrwyrwggbggbggbooryyworryowyowyowbbgbbgbbg
4437,R2 F0 B1 ,rrowwyrroyryyryyryggbggbggbooryywoorwowwowwowgbbgbbgbb
4438,F0 B1 ,rrrwwwrrryryyryyrygggggggggoooyyyooowowwowwowbbbbbbbbb
4439,B1 ,rrrwwwwwwrryrryrrygggggggggyyyyyyooowoowoowoobbbbbbbbb
4440,D1 R1 F2 B1 U2 F0 B1 D0 U2 F0 ,wybwwbgwoywwbrrgbrygbrgybgryowryrwbgoooyoyogrrobwbgyog
4441,R1 F2 B1 U2 F0 B1 D0 U2 F0 ,wybwwbgwoywwbrryogygbrgygbrwrgoybyrwoooyoybgrrobwbgogr
4442,F2 B1 U2 F0 B1 D0 U2 F0 ,wyowwwgwrwrgwroybyygbrgbgbowrboyyyrroooyoybgrwobbbgggr
4443,B1 U2 F0 B1 D0 U2 F0 ,wyowwwbrwrrgyroobyobgbgrbgyrwgoyyyrrooyyowbgwwobbbgggr
4444,U2 F0 B1 D0 U2 F0 ,byowwwbrwrrwyryoboobgbgrbgyrwgoyyyogyoyrowrgwbgrobgwbg
4445,F0 B1 D0 U2 F0 ,wrbwwwoybyoyyryobobgrbgrbgyrwgoyyyogrrwrowrgwobgobgwbg
4446,B1 D0 U2 F0 ,wrbwwwwwwooyyrybbobbbgggyrroyyoyyyogrrrrowrggobgobgwbg
4447,D0 U2 F0 ,rrrwwwwwwoowyrrbbbbbbgggyrroyyoyyoyyyrroowggggggbbboow
4448,U2 F0 ,rrrwwwwwwoowyrryrrbbbggggggoooyyyyyyyrroowoowgggbbbbbb
4449,F0 ,wwwwwwrrryrryrryrrgggggggggoooyyyyyyoowoowoowbbbbbbbbb
4450,R1 L1 F2 D2 L1 B2 U1 D2 B0 R0 ,yyogwwowyoggorbwyryogbggyrrrbbwybwrwgrboowbrbwgrobygyo
4451,L1 F2 D2 L1 B2 U1 D2 B0 R0 ,yyggwoowwgbrgryoowyoobgwyryrbgwygwrrgrboowbrbwgrbbybyo
4452,F2 D2 L1 B2 U1 D2 B0 R0 ,yygbwoywwgbrgryoowroowgwwryobgyygrrrbwbrorgobwgobbgbyy
4453,D2 L1 B2 U1 D2 B0 R0 ,yygbwogbobbrrrybowyrwwgwoorwwyyygrrrbworoggogwgobbgbyy
4454,L1 B2 U1 D2 B0 R0 ,yygbwogbobbrrrygogyrwwgwbyyrrrgyyywwbworogbowwgobbgoor
4455,B2 U1 D2 B0 R0 ,yygwwobbobbrrrygogrrwggwyyyrrrgyyowwogwwoobrbwggbbbooy
4456,U1 D2 B0 R0 ,wwowwobbobbbrrwgoorrwggwyyyrrrgyygyyggwyoorrbyoobbbggw
4457,D2 B0 R0 ,ooowwbwwbrrwrrwgooggwggwyyyrrrgyygyyyooyoorrbbbbbbbggw
4458,B0 R0 ,ooowwbwwbrrwrrwrrbggwggwggwyygyygrrryooyoogoobbbbbbyyy
4459,R0 ,wwbwwbwwbrrrrrrrrrggwggwggwyygyygyygoooooooooybbybbybb
4460,B1 D1 F0 B1 U0 F1 R0 L2 U0 R0 ,wywbworwrwbogrwogbbobogwybygwgoyyoyorryroybgrgbgrbgwry
4461,D1 F0 B1 U0 F1 R0 L2 U0 R0 ,brrbworwrwbwgryogwbobogwybygwgoyybwooryyoyogrggybbrgrw
4462,F0 B1 U0 F1 R0 L2 U0 R0 ,brrbworwrwbwgrygrwbobogwogwgyowywgoboryyoyybyggybbrogr
4463,B1 U0 F1 R0 L2 U0 R0 ,brrbwoyyyrbwwryrrwoobggowwbggwwywgoborgyoyyboggybbrogr
4464,U0 F1 R0 L2 U0 R0 ,yyobwoyyyrbbwrrrrroobggowwbggwwywwywgrgooybboyrrgbggbo
4465,F1 R0 L2 U0 R0 ,ybyywyyooyrrwrrrrrrbbggowwbggwwywwywoobooybbogrggbggbo
4466,R0 L2 U0 R0 ,ybyywyywrwrrgrrgrrbobbgwrgwbyowywwywoooooobbygrggbggbo
4467,L2 U0 R0 ,ybbywwywwggwrrrrrrboobgwrgwbygwygwygoooooobbyrrgybgybo
4468,U0 R0 ,bbbwwwwwwggwrrrrrroooggwggwyygyygyygybboooooorrrybbybb
4469,R0 ,wwbwwbwwbrrrrrrrrrggwggwggwyygyygyygoooooooooybbybbybb
4470,L2 B0 U0 F2 B2 D1 R0 B2 L1 F1 ,rrwwwgrbgyygoryogwboobgwbgwoobgyrgrrybyroywwyrygobwbbo
4471,B0 U0 F2 B2 D1 R0 B2 L1 F1 ,orwgwggbgyygoryogwooowgwggwrobwyrrrrywwyorybyrybobbbbb
4472,U0 F2 B2 D1 R0 B2 L1 F1 ,gywgwggbgyyrorrogrooowgwggwrobwyryyywwwrorobyborbbybbb
4473,F2 B2 D1 R0 B2 L1 F1 ,gggbwyggwbororrogryyrwgwggwrobwyryyyooororobywwwbbybbb
4474,B2 D1 R0 B2 L1 F1 ,gggbwyboryorrrrogrwggwgwryywggwyryyyooorooobbwwwbbybbb
4475,D1 R0 B2 L1 F1 ,yyybwyboryoorrrogowggwgwryywggwyrgggrooroorbbbbbybbwww
4476,R0 B2 L1 F1 ,yyybwyboryoorrrwwwwggwgwogogrggygwwgroorooryybbbybbrbb
4477,B2 L1 F1 ,yygbwwboowrywrowrowggwggogggrrgyywwbroorooryyrbbybbybb
4478,L1 F1 ,bwwbwwboowrrwrrwrrwggwggogggrrgyygyyooooooyyybbybbybbr
4479,F1 ,wwwwwwooowrrwrrwrrgggggggggrrryyyyyyooyooyooybbbbbbbbb
4480,L0 D2 U1 B0 R0 L1 U2 B0 L0 U1 ,obowwoboyrbborwgorwwbgggwyygrrbyybywgboworwroyyyrbgggr
4481,D2 U1 B0 R0 L1 U2 B0 L0 U1 ,rbogwoyoyrbborwgorowbwggbyywrrgyywywwwgroboroyybrbbggg
4482,U1 B0 R0 L1 U2 B0 L0 U1 ,rbogwoyoyrbborworoowbwgggggwywyygrrwwwgrobgoryybrbbbyy
4483,B0 R0 L1 U2 B0 L0 U1 ,ooybworgyowborworowwgwgggggwywyygrrwyybrobgorrbbrbbbyy
4484,R0 L1 U2 B0 L0 U1 ,bwobworgyowworrorrwwgwgggggwywyygyrgyybooboorbrrybbybb
4485,L1 U2 B0 L0 U1 ,bwgbwgrggooorrwrrwwwwwgggggwyyyyyyrbyyboobooryrrobbobb
4486,U2 B0 L0 U1 ,wwgwwggggooorrwrrwwwwyggyggbyybyyrrbbbryooyooyrrobbobb
4487,B0 L0 U1 ,ggggwwgwwbbrrrwrrwyrryggyggbyybyyrrboooyooyoowwwobbobb
4488,L0 U1 ,rwwgwwgwwbbbrrrrrryrryggyggbyybyyoyygoogoogoooowbbwbbw
4489,U1 ,wwwwwwwwwbbbrrrrrrrrrggggggyyyyyyyyygggooooooooobbbbbb
4490,D2 F0 B1 L2 R0 D0 L2 F0 D0 U2 ,booowbooyrrbyrwggwwwbggbobygorryywwgwggworryyyyorbgrbb
4491,F0 B1 L2 R0 D0 L2 F0 D0 U2 ,booowbooyrrbyrwryywwbggbrbbgwwyyrrogwggworggwyyorbgoby
4492,B1 L2 R0 D0 L2 F0 D0 U2 ,booowbwrgorborwyyyrgwbgwbbbryryyrrogwggwowggwyyorbgoby
4493,L2 R0 D0 L2 F0 D0 U2 ,gwwowbwrgorboroyyorgwbgwbbbryryyrywbrggoowggwogyybbyro
4494,R0 D0 L2 F0 D0 U2 ,rwwywbyrgorboroyyoogwbgwybbgyroyrwwbwggwooggrogbybbyrr
4495,D0 L2 F0 D0 U2 ,rwwywwyrbyooyrroobogrbgrybbgyyoyywwowggwooggrggbbbbwrr
4496,L2 F0 D0 U2 ,rwwywwyrbyooyrrybbogrbgrggrwogwyyoyywggwoowrrggbbbboob
4497,F0 D0 U2 ,wwwwwworbyooyrrybbbgrbgrbgrrogyyyyyyrrwoowggwgggbbbooo
4498,D0 U2 ,wwwwwwwwwooorrrbbbbbbgggrrryyyyyyyyyrrroooggggggbbbooo
4499,U2 ,wwwwwwwwwooorrrrrrbbbggggggyyyyyyyyyrrroooooogggbbbbbb
4500,D2 R1 L2 F2 B0 R0 F1 L1 R0 D0 ,ygwgwrbrwgygwrbborrwooggggoyrwbybrogbowroyyworyoybbywb
4501,R1 L2 F2 B0 R0 F1 L1 R0 D0 ,ygwgwrbrwgygwrbyworwooggywbgorbybwrybowroyborryoybbggo
4502,L2 F2 B0 R0 F1 L1 R0 D0 ,ygggwybrrgboyrwgwyrwwogrywwgoobygwrbbowroyboryyobbbrgo
4503,F2 B0 R0 F1 L1 R0 D0 ,gggbwywrrgboyrwgwyowwbgrowwyoogygbrbrobyorwobyyybborgr
4504,B0 R0 F1 L1 R0 D0 ,gggbwyooybborrwbwywworgbwworrwgygbrbrogyoywogyyybborgr
4505,R0 F1 L1 R0 D0 ,owybwyooybbbrrrbwbwworgbwworrwgygrywgoggoygogrbygbyroy
4506,F1 L1 R0 D0 ,owobwbooobrbwrbbrbwwwrggwwwrrrgygryrgoggoygogybyybyyoy
4507,L1 R0 D0 ,owobwbbwbrrbrrbrrbwgwwgwwrwgyggygryrgoogoogooybyybyyoy
4508,R0 D0 ,wwowwbwwbrrbrrbrrbggwggwrrwyygyygyyroooooogggybbybbyoo
4509,D0 ,wwwwwwwwwrrrrrrbbbggggggrrryyyyyyyyyoooooogggbbbbbbooo
4510,D1 B2 L0 U1 F0 R0 L1 B2 R1 F0 ,ywbgwybbbwbyorggwrrooggggowryowyooywrrwrowyryobbybbgrg
4511,B2 L0 U1 F0 R0 L1 B2 R1 F0 ,ywbgwybbbwbyorggrgrooggggwroowyyyrworrwrowgowobbybbyry
4512,L0 U1 F0 R0 L1 B2 R1 F0 ,owrgwybbbwbgorrgrrrooggggwroowyyybwygrwgowyowyrybbybbo
4513,U1 F0 R0 L1 B2 R1 F0 ,owrywyybbwbgorrgrrooogggbwrrowgyygwyyggoorwwwyrbbbybbo
4514,F0 R0 L1 B2 R1 F0 ,rybwwboyyoooorrgrrygggggbwrrowgyygwyyrboorwwwwbgbbybbo
4515,R0 L1 B2 R1 F0 ,rybwwbwrboooyrryrrbgywggrgggoogyygwyyrrooowwwwbgbbybbo
4516,L1 B2 R1 F0 ,ryywwgwrgyyorrorrobgowgyrgygobgybgwwyrrooowwwbbgbbybbo
4517,B2 R1 F0 ,byywwgrrgyyorrorroggoggyggyoobyybgwwrowrowyowbbwbbwbbr
4518,R1 F0 ,wwgwwgrrgyyyrrrrrrggoggyggyoobyybyyboowoowoowrbbwbbwbb
4519,F0 ,wwwwwwrrryrryrryrrgggggggggoooyyyyyyoowoowoowbbbbbbbbb
4520,L1 F2 U0 D1 B0 L0 R0 B2 U1 F2 ,rbbowwobowryoryygwgrgggyorbbgrwywrgrywyyoywbwoogbbrbog
4521,F2 U0 D1 B0 L0 R0 B2 U1 F2 ,gbbgwwobowryoryygwbrgwgyrrbggrrywggryywwobyywooobbobor
4522,U0 D1 B0 L0 R0 B2 U1 F2 ,gbbgwwrggwrybrywgwbrrygwgrboborywggryyywooyywooobbobor
4523,D1 B0 L0 R0 B2 U1 F2 ,rgggwbgwbooobrywgwwryygwgrboborywggrbrrwooyywyyybbobor
4524,B0 L0 R0 B2 U1 F2 ,rgggwbgwbooobryborwryygwwgwowrbygorgbrrwoogrbyyybboyyw
4525,L0 R0 B2 U1 F2 ,oyrgwbgwboogbrrboowryygwwgwowrbygbwggrrgoorrbybyybywoy
4526,R0 B2 U1 F2 ,yyrywbywboogbrrboooryggwggwwwryygwwgrggrorborybbybbwoo
4527,B2 U1 F2 ,yyyywwywwbbooroorgorrggggggwwwyyywwyrggrorborbbbbbbroo
4528,U1 F2 ,ywwywwywwbbborrorrorrggggggwwwyyyyyygggoorooroorbbbbbb
4529,F2 ,wwwwwwyyyorrorrorrgggggggggwwwyyyyyyoorooroorbbbbbbbbb
4530,U1 L1 R0 F2 D2 R0 F1 D2 U1 B1 ,obgywwyybworyrrrooooowgbygygobrybrrbwggwogbbrwwgybrygw
4531,L1 R0 F2 D2 R0 F1 D2 U1 B1 ,gwbbwyoyyoooyrrroowggwgbygygobrybrrbwwgwogbbrworybrygw
4532,R0 F2 D2 R0 F1 D2 U1 B1 ,wwbwwyyyyoooyrrroogggrgbrgywobrybrrbggrwobwwbwooybbygg
4533,F2 D2 R0 F1 D2 U1 B1 ,wwgwwbyyyryoorooroggbrgbrgbwoyryyrrwggrwobwwbyooybbbgg
4534,D2 R0 F1 D2 U1 B1 ,wwgwwbyowbyobrorrobgrbgrbggyyyryyrrwggowoowwryooybbbgg
4535,R0 F1 D2 U1 B1 ,wwgwwbyowbyobrowwrbgrbgrbggwrryyryyyggowoorroyooybbbgg
4536,F1 D2 U1 B1 ,wwrwwryogwbbwryroobgrbgrbgywrbyyyyyyggowoorrowoobbbggg
4537,D2 U1 B1 ,wwrwwrwwrbbbrrywoorrygggbbboooyyyyyygggwoorrywoobbbggg
4538,U1 B1 ,wwrwwrwwrbbbrryrryrryggggggyyyyyyooogggwoowoowoobbbbbb
4539,B1 ,rrrwwwwwwrryrryrrygggggggggyyyyyyooowoowoowoobbbbbbbbb
4540,D2 B0 U0 D0 B2 F0 L0 R1 D1 B0 ,rroywgbggyybyrggrrwooggorwryowoybgbbbrobowwbgywyrbywwo
4541,B0 U0 D0 B2 F0 L0 R1 D1 B0 ,rroywgbggyybyrgwbgwooggowwobbgbyowoybrobowgrrywyrbyrwr
4542,U0 D0 B2 F0 L0 R1 D1 B0 ,bggywgbggyyyyrowbwwooggowwobbgbyobbgororowrrrrrywbwryy
4543,D0 B2 F0 L0 R1 D1 B0 ,bybgwggggrryyrowbwyyyggowwobbgbyobbgwoorowrrrorowbwryy
4544,B2 F0 L0 R1 D1 B0 ,bybgwggggrryyrowwoyyyggorrrbbbbybgogwoorowryyorowbwwbw
4545,F0 L0 R1 D1 B0 ,goggwggggrrryrrwwwyyyggorrrbbbbybbybooooowyyywbwwbworo
4546,L0 R1 D1 B0 ,goggwgywogrrgrrgwwrgyrgyroywyrbybbybooboobyybwbwwbworo
4547,R1 D1 B0 ,oogwwgwwogrrgrrgwwggyggyyoyryrrybrybyooyoobbbwbbwbborw
4548,D1 B0 ,ooowwwwwwrrwrrwgggggggggyooryyryyryyyooyoobbbbbbbbbrrw
4549,B0 ,ooowwwwwwrrwrrwrrwgggggggggyyyyyyrrryooyooyoobbbbbbbbb
4550,F0 L2 B1 R2 F0 B2 D1 U1 F2 B2 ,gywwwwgrbwggrrwwbyrbogggorrwybyyybobybywooyggrooobrrbo
4551,L2 B1 R2 F0 B2 D1 U1 F2 B2 ,gywwwwgoygggrrwbbyogrrgbrgowrwyyybobybwwoyygbrooobrrbo
4552,B1 R2 F0 B2 D1 U1 F2 B2 ,wywywwboygggrrwbbyogrrgbogogrwwyygobbgyyowwbyrorobrrbo
4553,R2 F0 B2 D1 U1 F2 B2 ,wybywwboyggwrrybbwogrrgbogogrwwyyywgggyoowbbyrroobbror
4554,F0 B2 D1 U1 F2 B2 ,wywywybogwbbyrrwggogrrgoogrgrbwywywyggyoowbbyorobbbror
4555,B2 D1 U1 F2 B2 ,wywywyywybbborrgggorogggrorwywwywywygggoorbbborobbbror
4556,D1 U1 F2 B2 ,ywyywyywybbborogggorogggrorwywwywwywgggrorbbbrorbbboro
4557,U1 F2 B2 ,ywyywyywybbboroorooroggggggwwwyyywwwgggrorrorrorbbbbbb
4558,F2 B2 ,yyywwwyyyorooroorogggggggggwwwyyywwwrorrorrorbbbbbbbbb
4559,B2 ,yyywwwwwwrrorrorrogggggggggyyyyyywwwroorooroobbbbbbbbb
4560,U1 R0 L0 F0 U2 D0 B2 U2 L1 R2 ,ybgrwwgyobbrrrgywwrowygygwboorgyrygrobyoogorwwygwbbbob
4561,R0 L0 F0 U2 D0 B2 U2 L1 R2 ,gwobwyyrgrowrrgywwobyygygwboorgyrygrwygoogorwbbrwbbbob
4562,L0 F0 U2 D0 B2 U2 L1 R2 ,gwybwyyrbyrrwrowgwobrygrgwroobgywygbwygoogorwgbrybboob
4563,F0 U2 D0 B2 U2 L1 R2 ,bwybwyrrbyrrwrowgwgbrbgrywroobyywggboowroywgggbyybgooo
4564,U2 D0 B2 U2 L1 R2 ,bwybwygywrrrrrobgwybgwgbrrrwwyyywggboooroowgbgbyybgooo
4565,D0 B2 U2 L1 R2 ,wygywbywbooorrobgwgbywgbrrrwwyyywggbrrrroowgbybgybgooo
4566,B2 U2 L1 R2 ,wygywbywbooorrorrrgbywgbwgbgywgywbwyrrrroooooybgybgbgw
4567,U2 L1 R2 ,ywbywbywbooorrrrrrgbywgbwgbgywgywgywrrroooooowgbgbygby
4568,L1 R2 ,bwybwybwyrrrrrrrrrwgbwgbwgbgywgywgywooooooooogbygbygby
4569,R2 ,wwywwywwyrrrrrrrrrggbggbggbyywyywyywooooooooogbbgbbgbb
4570,D1 R0 L2 D2 B0 U2 D1 R1 L1 B2 ,rooywggyygwyrrbowbobrogbrrbggygyroywbgwoobwowgyywbwrrb
4571,R0 L2 D2 B0 U2 D1 R1 L1 B2 ,rooywggyygwyrrbrrbobrogbowbyrwgyyggobgwoobrrbgyywbwwow
4572,L2 D2 B0 U2 D1 R1 L1 B2 ,rorywbgybrrgrrwbbyobwogyowoyrwgywgggbgwoobrrbyyygbwoow
4573,D2 B0 U2 D1 R1 L1 B2 ,yorgwbgybrrgrrwbbywbwwgyyworrwyywgggbrrboowgbyyogboooo
4574,B0 U2 D1 R1 L1 B2 ,yorgwbgybrrgrrwwgbwbwwgyooogggwyywrrbrrboobbyyyogboywo
4575,U2 D1 R1 L1 B2 ,gwbgwbgybrrrrrrwgwwbwwgyooogggwyybbbrrroooybyygywbyooo
4576,D1 R1 L1 B2 ,bygbwgbwgrrrrrrwgwygywgyooogggwyybbbrrroooybywbwwbyooo
4577,R1 L1 B2 ,bygbwgbwgrrrrrroooygywgywgwgybgybgwbrrroooooowbwwbyyby
4578,L1 B2 ,byybwwbwwrrorrorroyggwggwgggyygyygwwrrroooooobbwbbybby
4579,B2 ,yyywwwwwwrrorrorrogggggggggyyyyyywwwroorooroobbbbbbbbb
4580,F2 B1 U1 L1 R0 F0 U0 L1 B1 R2 ,grgrwyboygrwgroyywrwrwgryybbbrwygrobybwyogwboowobboogg
4581,B1 U1 L1 R0 F0 U0 L1 B1 R2 ,grgrwyrbborwgrowywbyyrgwrwryobwygrobybyyogwbgowobboogg
4582,U1 L1 R0 F0 U0 L1 B1 R2 ,wyyrwyrbborggrrwygbyyrgwrwryobwygwowrbyoogbbgoogwbgobo
4583,L1 R0 F0 U0 L1 B1 R2 ,yybywbwrrbyygrrwygrbyrgwrwryobwygwowoogoogbbgorgwbgobo
4584,R0 F0 U0 L1 B1 R2 ,rybrwbrrrbyygrrwygybywgwwwroobgyggowgggoobooborwwbyoby
4585,F0 U0 L1 B1 R2 ,ryyrwwrrrwgbyrygryybbwggwwwooogywgoogggooboobrrwbbybby
4586,U0 L1 B1 R2 ,ryyrwwbbgrgbrryrrywwywgbwgbgywgywgooggooooooorrwbbybby
4587,L1 B1 R2 ,brrbwygwyrrwrryrryrgbwgbwgbgywgywgoowwyooooooggobbybby
4588,B1 R2 ,rrrwwywwyrrwrryrryggbggbggbyywyywoooyoowoowoogggbbbbbb
4589,R2 ,wwywwywwyrrrrrrrrrggbggbggbyywyywyywooooooooogbbgbbgbb
4590,R0 B0 U1 D2 R1 L2 B0 F2 D0 L2 ,wrrywgbbwgywgroybboooogoobrgrgbyywrrbrywowbwyggrybgywo
4591,B0 U1 D2 R1 L2 B0 F2 D0 L2 ,wroywobbryggbrybowoogogyobrgrybyywrgbrywowbwywgrgbgrwo
4592,U1 D2 R1 L2 B0 F2 D0 L2 ,gywywobbryggbrrbowoogogyobrgrybyybwboryrowwwyrgwwbgogr
4593,D2 R1 L2 B0 F2 D0 L2 ,worywbgyboogbrrboworyogyobrgrybyybwbrgwrowwwyyggwbgogr
4594,R1 L2 B0 F2 D0 L2 ,worywbgyboogbrrwwyoryogyogrbwbyybyrgrgwrowbowyggwbgobr
4595,L2 B0 F2 D0 L2 ,wooywwgyygryorwobworrogbogbbwyyyyyrrrgwrowbowgggbbgbbr
4596,B0 F2 D0 L2 ,booywwyyygryorwobwrrrggbggbwwyyyygrrwobworwgrggobbobbo
4597,F2 D0 L2 ,ywwywwyyygrrorrobgrrrggbggbwwyyyywwwooboorbgrbbgbbgooo
4598,D0 L2 ,ywwywwywwrrrrrrbbgbggbggrrryyyyyywwwoooooobggbbgbbgooo
4599,L2 ,ywwywwywwrrrrrrrrrbggbggbggwyywyywyyooooooooobbgbbgbbg
4600,F2 B1 D2 R1 L0 D0 F1 L0 B0 D2 ,brbbwgwgbwwygrygoygyorgrryrwrwbywgoryyooobowbowrobbggy
4601,B1 D2 R1 L0 D0 F1 L0 B0 D2 ,brbbwgwrwbwybryooyryrrgroygbgwbywgoryygoogowwowrobbggy
4602,D2 R1 L0 D0 F1 L0 B0 D2 ,ooybwgwrwbwbbrroobryrrgroygbgwbywyyygygoogrwwrbywbgoog
4603,R1 L0 D0 F1 L0 B0 D2 ,ooybwgwrwbwbbrrrwwryrrgroogyyywybwgbgygoogoobrbywbgoyg
4604,L0 D0 F1 L0 B0 D2 ,ooobwwwrrbrwwrwbbrryyrggoowyyrwyrwgggygoogoobbbybbgyyg
4605,D0 F1 L0 B0 D2 ,googwwyrrbrwwrwbbroyybggwowryrryroggoogooybggbbwbbwyyy
4606,F1 L0 B0 D2 ,googwwyrrbrwwrwwowoyybggbggorrgyygrroogooyyyybbwbbwbbr
4607,L0 B0 D2 ,googwwbwwrrwrrwoowyggyggobbgyygyygrroorooryyybbwbbwbbr
4608,B0 D2 ,roowwwwwwrrwrrwoowggggggbbbyyyyyyorryooyooyrrbbgbbgbbg
4609,D2 ,wwwwwwwwwrrrrrroooggggggbbbyyyyyyyyyoooooorrrbbbbbbggg
4610,U1 D2 B2 L1 F2 R1 U1 F2 B1 U2 ,rgwwwowgwbborrobryooryggrrrgwybyyywoybbboggywgwgybrboo
4611,D2 B2 L1 F2 R1 U1 F2 B1 U2 ,wowgwgrwwoorrrobryybbyggrrrgwybyyywogwgboggywbboybrboo
4612,B2 L1 F2 R1 U1 F2 B1 U2 ,wowgwgrwwoorrrogywybbyggbooowyyybywggwgbogbrybboybrrrr
4613,L1 F2 R1 U1 F2 B1 U2 ,gwygwgrwwoobrrbgygybbyggbooowyyybwowwwgoogrryrrrrbyobb
4614,F2 R1 U1 F2 B1 U2 ,ywyywgbwwoobrrbgygobbyggwoobwyyybrowggyworworrrrrbgobg
4615,R1 U1 F2 B1 U2 ,ywyywgywbrobrrbyygoowggybbowwbyybrowgggworwoorrrrbgobg
4616,U1 F2 B1 U2 ,ywoywrywrbbgoryrryooygggbbbwwwyyyroogggworwoowrrbbgbbg
4617,F2 B1 U2 ,orrwwwyyyooyoryrryggggggbbbwwwyyyroowrrworwoobbgbbgbbg
4618,B1 U2 ,orrwwwwwwooyrryrrybbbggggggyyyyyyroowrrwoowoobbgbbgbbg
4619,U2 ,wwwwwwwwwooorrrrrrbbbggggggyyyyyyyyyrrroooooogggbbbbbb
4620,F1 L1 D1 U2 R1 F1 B1 L1 U0 R2 ,wbbrwbrwwgoorrgbboyoooggwwrbrygyrbbyrygyogyyrwwgwbogyo
4621,L1 D1 U2 R1 F1 B1 L1 U0 R2 ,wbbrwbgrbyoorrgbboogrogwyowggrgyrbbyrywyowyyrwwgwbogyo
4622,D1 U2 R1 F1 B1 L1 U0 R2 ,obbowbyrbyoorrgbboggrggwbowogroyrgbywwryoyryywwgwbrgyw
4623,U2 R1 F1 B1 L1 U0 R2 ,obbowbyrbyoorrggywggrggwbborrygyboogwwryoybowwwgwbrryy
4624,R1 F1 B1 L1 U0 R2 ,brybwobbowwrrrggywwwgggwbborrygyboogyooyoybowggrwbrryy
4625,F1 B1 L1 U0 R2 ,brrbwwbbgrgwwrywrgwwyggobborrggywoooyooyoybowggrbbryyy
4626,B1 L1 U0 R2 ,brrbwwrwwggwrryrrgyoowgbwgboywgywoooyogyobbobggrbbryyy
4627,L1 U0 R2 ,byybwwrwwggbrrrrrryoowgbwgboywgywgywoogooboobrrygbygby
4628,U0 R2 ,yyywwwwwwggbrrrrrroooggbggbyywyywyywgbboooooorrrgbbgbb
4629,R2 ,wwywwywwyrrrrrrrrrggbggbggbyywyywyywooooooooogbbgbbgbb
4630,D2 F0 U2 B2 D1 L2 F2 U1 D1 B2 ,wywywwroowbbwrrbryggggggoorywywyyorrbbwooyyrboorgbbgbg
4631,F0 U2 B2 D1 L2 F2 U1 D1 B2 ,wywywwroowbbwrryrbgggggggbgrroyywywybbwooybryoorgbboor
4632,U2 B2 D1 L2 F2 U1 D1 B2 ,wywywwyywrbborrorbgggbgggggywwyywywybbroorbrooorgbboor
4633,B2 D1 L2 F2 U1 D1 B2 ,wyywwywywbbrorrorboorbgggggywwyywywyrbboorbroggggbboor
4634,D1 L2 F2 U1 D1 B2 ,ywywwywywbbboroorroorbgggggywwyywyywbbbrorrroroobbgggg
4635,L2 F2 U1 D1 B2 ,ywywwywywbbborogggoorbggorrwwwwyyyyybbbrorgggroobbgrro
4636,F2 U1 D1 B2 ,wwywwyyywbbborogggoorgggorrywwwyywyygggrorbbbroobbbrro
4637,U1 D1 B2 ,wwywwywwybbbrrogggrrogggroowyywyywyygggroobbbroobbbrro
4638,D1 B2 ,yyywwwwwwrrorrogggggggggroowyywyywyyrooroobbbbbbbbbrro
4639,B2 ,yyywwwwwwrrorrorrogggggggggyyyyyywwwroorooroobbbbbbbbb
4640,D2 R0 F2 L0 B0 U1 L1 R1 B2 F1 ,worwwrbrrbbbbrogwowgyygyowygrrgyboggroogorbyywygbbowwy
4641,R0 F2 L0 B0 U1 L1 R1 B2 F1 ,worwwrbrrbbbbrobyywgyygywwyggobygrrgroogorgwowygbboowy
4642,F2 L0 B0 U1 L1 R1 B2 F1 ,woywwybrybbbyrbyobwgoyggwwgggobybrrwroogorgworygrborwy
4643,L0 B0 U1 L1 R1 B2 F1 ,woywwyoggobbrrboobgwwggyogwyrbbybrrwroygoygwbrygrborwy
4644,B0 U1 L1 R1 B2 F1 ,yoyowygggobbrrboobwwwwgyogwgrbgyborwggrwoobyyryrrbbrwy
4645,U1 L1 R1 B2 F1 ,bbbowygggobwrrrooowwwwgyogwgrbgybgwbygroooyyyrrrwbyybr
4646,L1 R1 B2 F1 ,bygbwgbogwwwrrroooygrwgyogwgrbgybgwbrrroooyyyobwwbyybr
4647,R1 B2 F1 ,yygwwgoogwwwrrroooggrggyggwrrbyybwwbroyroyroyobbwbbybb
4648,B2 F1 ,yyywwwooowrowrowrogggggggggrrryyywwwroyroyroybbbbbbbbb
4649,F1 ,wwwwwwooowrrwrrwrrgggggggggrrryyyyyyooyooyooybbbbbbbbb
4650,B2 L1 D0 F2 B0 D0 F0 R2 B0 U2 ,booowywwogrgwrggggboywgbwbyorrgyryyryyrooroybwgrwbbwbb
4651,L1 D0 F2 B0 D0 F0 R2 B0 U2 ,ryyowywwogrowroggyboywgbwbyorrgyroobgyrgorgybbbwbbwrgw
4652,D0 F2 B0 D0 F0 R2 B0 U2 ,byywwywwogrowroggyooyggbobywrrwyrwobrrbyoygggbbwbborgr
4653,F2 B0 D0 F0 R2 B0 U2 ,byywwywwogrowroobyooyggbgggwwwoyrbrrrrbyoyrgrbbwbboggy
4654,B0 D0 F0 R2 B0 U2 ,byywwywwwrroyrobbygggbggyooowwoyrbrrrroyowrggbbwbboggy
4655,D0 F0 R2 B0 U2 ,ooywwywwwrrryrrbbbgggbggyooowwoyrryryroyowbgggbbgbbyow
4656,F0 R2 B0 U2 ,ooywwywwwrrryrryoogggbggbggrooyywrrwyroyowyowgbbgbbbbb
4657,R2 B0 U2 ,ooywwywwowrrwrrwoobbgggggggyyryywrrwyrryooyoogbbgbbbbb
4658,B0 U2 ,oorwwwwwwoowrrwrrwbbbggggggyyyyyyrroyrryooyoogbbgbbgbb
4659,U2 ,wwwwwwwwwooorrrrrrbbbggggggyyyyyyyyyrrroooooogggbbbbbb
4660,B0 D1 F0 R2 D1 L0 U1 R1 D0 F1 ,wgygwyyrbwrbbrwrrybwowgowowbygbyggbrgyowogorrrooobbgyy
4661,D1 F0 R2 D1 L0 U1 R1 D0 F1 ,bwygwyyrbwrrbrbrrgbwowgowowbygbyggwoyyogogwrrgoryboybo
4662,F0 R2 D1 L0 U1 R1 D0 F1 ,bwygwyyrbwrrbrbybobwowgorrgggoyywbbgyyogogwowgorybowrr
4663,R2 D1 L0 U1 R1 D0 F1 ,bwygwywgoyrrrrbbborwbrgwgooybwyywbbgyyggogwoogorybowrr
4664,D1 L0 U1 R1 D0 F1 ,bwwgwwwggobbbrrrryrwwrgygogybyyyybboyyggogwoooorwbobrr
4665,L0 U1 R1 D0 F1 ,bwwgwwwggobbbrrbrrrwwrgyrryyyobybyybyyggoggogoorwbowoo
4666,U1 R1 D0 F1 ,owwowwrggobbbrrbrrbwwggywryryorybrybggyooygggooywbbwoy
4667,R1 D0 F1 ,wwgwwgoorbwwbrrbrrggyggywryryorybrybooyooygggobbwbbwoy
4668,D0 F1 ,wwwwwwooowrrwrrbbbggggggwrrryyryyryyooyooygggbbbbbbooy
4669,F1 ,wwwwwwooowrrwrrwrrgggggggggrrryyyyyyooyooyooybbbbbbbbb
4670,D1 R0 L1 U1 R1 D2 L1 F2 D0 U2 ,bbwywwrggyoogrrworgooygwbrbowowyyrggrgwborybygowbbyyrb
4671,R0 L1 U1 R1 D2 L1 F2 D0 U2 ,bbwywwrggyoogrryrbgooygwworoygwygowrrgwborbrbgowbbyyby
4672,L1 U1 R1 D2 L1 F2 D0 U2 ,bboywwrgrygyrrobrogogyggworoyywybowgrgwborbrbgowwbywby
4673,U1 R1 D2 L1 F2 D0 U2 ,gboywwwgrygyrrobrooogwggooryyyyybwwgwrbgorrbbgorwbywbb
4674,R1 D2 L1 F2 D0 U2 ,owrbwggywoogrrobrowrbwggooryyyyybwwggorgorrbbygywbywbb
4675,D2 L1 F2 D0 U2 ,owwbwwgyygooorrorbwrrwggoowyybyygwwrgorgorrbbggybbyybb
4676,L1 F2 D0 U2 ,owwbwwgyygooorrrbbwrrwggybbrwwgyybyygorgororbggybbyoow
4677,F2 D0 U2 ,wwwwwwyyygooorrrbbrrrgggbbbwwwyyyyyyrrboorggogggbbbooo
4678,D0 U2 ,wwwwwwwwwooorrrbbbbbbgggrrryyyyyyyyyrrroooggggggbbbooo
4679,U2 ,wwwwwwwwwooorrrrrrbbbggggggyyyyyyyyyrrroooooogggbbbbbb
4680,R2 F1 D0 U0 L2 R0 D2 U1 L0 B0 ,rbggwyoowrgyyrygrrbwgrgbyowbborywgwbbowoogoborwyrbywgy
4681,F1 D0 U0 L2 R0 D2 U1 L0 B0 ,rbogwwoobrrgyryygrbwwrgryorbbgryygwwbowoogobowwybbyggy
4682,D0 U0 L2 R0 D2 U1 L0 B0 ,rbogwwryygrgbrybgrwrrwgobrywgoryygwwboboooobowwybbyggy
4683,U0 L2 R0 D2 U1 L0 B0 ,rbogwwryygrgbrybrywrrwgoobogrwwygwyoboboooggywwybbybgr
4684,L2 R0 D2 U1 L0 B0 ,rgrywbywowwybrybrygrgwgoobogrwwygwyowrroooggybobbbybgr
4685,R0 D2 U1 L0 B0 ,ggrwwbwwowwybrybryrrgygobborrwyygyyoyggooorrwboobbwbgg
4686,D2 U1 L0 B0 ,gggwwowwobbwrrwyyyrrwyggbborrbyybyybyggooorrwooobbwrgg
4687,U1 L0 B0 ,gggwwowwobbwrrwrrwrrwyggrggbyybyybrryggoooyyyooobbwbbo
4688,L0 B0 ,googwwgwwrrwrrwrrwyggyggrggbyybyybrrooooooyyybbwbbwbbo
4689,B0 ,ooowwwwwwrrwrrwrrwgggggggggyyyyyyrrryooyooyoobbbbbbbbb
4690,U1 D2 R2 B0 D2 F0 R2 L0 D1 R2 ,bgrrwogbbwwwwrybrryooggbgbyrroyyyowyrgobowggygowobybrw
4691,D2 R2 B0 D2 F0 R2 L0 D1 R2 ,robgwbbrgyoowrybrrrgoggbgbyrroyyyowygowbowggywwwobybrw
4692,R2 B0 D2 F0 R2 L0 D1 R2 ,robgwbbrgyoowryggyrgoggbbrwywoyyyorrgowbowbrrwwwobygby
4693,B0 D2 F0 R2 L0 D1 R2 ,roogwybrryggyrwooyrggggobrwywbyyborggowbowbrrwwwbbyoby
4694,D2 F0 R2 L0 D1 R2 ,gwygwybrryggyrrooorggggobrwywbyybgbboowoowrrrobwbbwyyw
4695,F0 R2 L0 D1 R2 ,gwygwybrryggyrrrrrrggggoyywbbgbyybwyoowoowoooobwbbwbrw
4696,R2 L0 D1 R2 ,gwygwyowwbggrrrrrrygryggwogryybyybwyoobooboogobwbbwbrw
4697,L0 D1 R2 ,gwygwyowyrrrrrrggbygbygbwooryybyybwwooboobooggbwgbwrrw
4698,D1 R2 ,wwywwywwyrrrrrrggbggbggboooyyyyyywwwoooooogbbgbbgbbrrr
4699,R2 ,wwywwywwyrrrrrrrrrggbggbggbyywyywyywooooooooogbbgbbgbb
4700,F0 R2 U0 F1 D1 L2 R1 F0 B2 D1 ,ooyywowrbrgogrrrbwowwbgywoggwywyrrbggrbwoyybobyygbgrob
4701,R2 U0 F1 D1 L2 R1 F0 B2 D1 ,ooyywooybwgorrrbbwwboogwgywrgrwyrrbggrgwowybybyygbgrob
4702,U0 F1 D1 L2 R1 F0 B2 D1 ,oorywroygwbbrrrogwwbrogggybrgywyorbbgrgwowybywyywbgoob
4703,F1 D1 L2 R1 F0 B2 D1 ,oyoywogrrwyyrrrogwwbbogggybrgywyorbbwbrwowybygrgwbgoob
4704,D1 L2 R1 F0 B2 D1 ,oyoywowroyyygrrrgwbgbbgywogrwywyorbbwbrworybggrgwbgoob
4705,L2 R1 F0 B2 D1 ,oyoywowroyyygrroobbgbbgyrgwyobwybrwrwbrworwoggrgwbgybg
4706,R1 F0 B2 D1 ,yyowworroyyygrroobggbggyggwoobyybwwrgowrowrbwgrrwbbybb
4707,F0 B2 D1 ,yyywwwrrgyrbyroygoggoggoggooobyyywwwgowrowrbwrrrbbbbbb
4708,B2 D1 ,yyywwwwwwrrbrroggoggggggoooyyyyyywwwgooroorbbrrrbbbbbb
4709,D1 ,wwwwwwwwwrrrrrrgggggggggoooyyyyyyyyyoooooobbbbbbbbbrrr
4710,L2 B2 F0 D2 L1 F1 R0 D0 U2 F0 ,yowgwbowbwrgyrgrygyboygogwyyrbbyrwrwgybwobroorwrobgogb
4711,B2 F0 D2 L1 F1 R0 D0 U2 F0 ,yowbwbwwbwrgyrgrygbboggorwyyrbgyrorwoorbowbygrwgobyogy
4712,F0 D2 L1 F1 R0 D0 U2 F0 ,wrobwbwwbwrbyrbryobboggorwyyrbgyrwoygorgowgygygoybogwr
4713,D2 L1 F1 R0 D0 U2 F0 ,wrobwbgwrwrbwrbbyorgbwgbyoorywgyrwoygoygorgybygoybogwr
4714,L1 F1 R0 D0 U2 F0 ,wrobwbgwrwrbwrbgybrgbwgbgwryowrygwyrgoygorbyoygoyboyoo
4715,F1 R0 D0 U2 F0 ,rrowwbgwrwrbwrbgybygbrgbwwroowoygoyryroooyggbyggybbyow
4716,R0 D0 U2 F0 ,rrowwbwwgwrborboybbbrggwyrwoyboygoyryrroowgggyggybbyow
4717,D0 U2 F0 ,rrrwwwwwwoowyrrbbbbbbgggyrroyyoyyoyyyrroowggggggbbboow
4718,U2 F0 ,rrrwwwwwwoowyrryrrbbbggggggoooyyyyyyyrroowoowgggbbbbbb
4719,F0 ,wwwwwwrrryrryrryrrgggggggggoooyyyyyyoowoowoowbbbbbbbbb
4720,L2 U2 R2 B2 D2 R1 U1 L0 R0 D2 ,obbywwoygrgworrorrgbywgwrgbbyybywbgwwoyrobooyrrggbygow
4721,U2 R2 B2 D2 R1 U1 L0 R0 D2 ,bbbbwwbygrgworrorrwbyygwggboyyyywogwyooboryowrrrgbwgog
4722,R2 B2 D2 R1 U1 L0 R0 D2 ,gybwwbbbbyooorrorrrrrygwggboyyyywogwrgwboryowwbygbwgog
4723,B2 D2 R1 U1 L0 R0 D2 ,gyywwwbbwrrorroooyrrgyggggwoybyybogbrgwboryowbbywbwrog
4724,D2 R1 U1 L0 R0 D2 ,bgowwwbbwrryrrboorrrgyggggwoybyybyygygwooroowgorwbwybb
4725,R1 U1 L0 R0 D2 ,bgowwwbbwrryrrboowrrgyggybbgyybyybyoygwooroorgorwbwggw
4726,U1 L0 R0 D2 ,bggwwwbbgybwrrorrorroygwybwgygbygbybygwoorooroorybwygw
4727,L0 R0 D2 ,gwggwbbwbrrorrorroygwygwybwgygbygbyboorooroorybwybwygw
4728,R0 D2 ,wwgwwbwwbrrorrorroggwggwbbwyygyygyyboooooorrrybbybbygg
4729,D2 ,wwwwwwwwwrrrrrroooggggggbbbyyyyyyyyyoooooorrrbbbbbbggg
4730,D1 R0 B0 L2 F2 U2 B1 L2 U0 D1 ,grrwwobyrgwybrgobwoowrgybggwwwyyrrbrybyoowgrobgoybgboy
4731,R0 B0 L2 F2 U2 B1 L2 U0 D1 ,grrwwobyrgwybrgboyoowrgyobwwrrwybwyrybyoowbggbgoybggro
4732,B0 L2 F2 U2 B1 L2 U0 D1 ,grwwwybywbbgorwygyoorrgbobrwrgwyywybybyoowbggrgoobgrro
4733,L2 F2 U2 B1 L2 U0 D1 ,gwywwybywbbboryygwoorrgbobrwrgwyyyobwbyrowgggrorrbgogo
4734,F2 U2 B1 L2 U0 D1 ,wwywwyyywbbboryygwoorggbrbrgrgwyybobgggworybwroorbrogo
4735,U2 B1 L2 U0 D1 ,wwywwygrgwbbrryggwrbrbggroowyywyybobggywooybbroorbrogo
4736,B1 L2 U0 D1 ,grgywwywwggyrryggwroobggroowyywyybobwbbwooybbrbrrbrogo
4737,L2 U0 D1 ,ywwywwywwgggrrrgggroobggroowyywyywyybbbooobbbrrobbgrro
4738,U0 D1 ,wwwwwwwwwgggrrrgggooogggoooyyyyyyyyybbbooobbbrrrbbbrrr
4739,D1 ,wwwwwwwwwrrrrrrgggggggggoooyyyyyyyyyoooooobbbbbbbbbrrr
4740,D2 B2 F0 R1 U2 D0 R2 F1 L0 B1 ,obrywbybrwygwroogroobbgrbygoowgyrbywbrgoorrwyywwwbgggy
4741,B2 F0 R1 U2 D0 R2 F1 L0 B1 ,obrywbybrwygwrorwyoobbgrggywybrygwoobrgoorogrywwwbgbyg
4742,F0 R1 U2 D0 R2 F1 L0 B1 ,oowywbybrwyowrorwboobbgrggywybrygrboyrgoorggrgybgbwwwy
4743,R1 U2 D0 R2 F1 L0 B1 ,oowywbrrgyyobrorwbgboggoyrbrwwrygrboyrwooyggbgybgbwwwy
4744,U2 D0 R2 F1 L0 B1 ,oowywgrrgoobyrwybrgbwggbyrgrworyorbbyrwooyggboybgbwwwy
4745,D0 R2 F1 L0 B1 ,grrgwywooyrwyrwybroybggbyrgrworyorbboobooyggbgbwgbwwwy
4746,R2 F1 L0 B1 ,grrgwywooyrwyrwyrgoybggbggbrrrbywboooobooywwygbwgbwybr
4747,F1 L0 B1 ,grrgwwwoogrywrywryoyyggggggrrrbyyboooobooywwybbwbbwbbr
4748,L0 B1 ,grrgwwgwwrryrryrryyggyggoggbyybyyboooooooowwwbbwbbwbbr
4749,B1 ,rrrwwwwwwrryrryrrygggggggggyyyyyyooowoowoowoobbbbbbbbb
4750,F0 D2 R1 B1 L2 U0 F2 R1 U0 L2 ,bgrwwbgrgroyrrgwryybybgygggoorbywbyowoogowwywbwoybrbor
4751,D2 R1 B1 L2 U0 F2 R1 U0 L2 ,bgrwwbwwogoyrrggrygbyggbgyywrrbywbyowoogoowyrbwoybrbor
4752,R1 B1 L2 U0 F2 R1 U0 L2 ,bgrwwbwwogoyrrgwyrgbyggbboroybwybrrwwoogoogrybwoybrgyy
4753,B1 L2 U0 F2 R1 U0 L2 ,bggwwywwbygrorygrwgbrggbboooyywybrrrwoogoogrywwobbrbyy
4754,L2 U0 F2 R1 U0 L2 ,ggwwwywwbygborggrggbrggbboooyywybwyrrooroorryorywbywbb
4755,U0 F2 R1 U0 L2 ,ogwwwywwbygborggrgbbrygbyoogyywybwyryrrooroororbwbgwbg
4756,F2 R1 U0 L2 ,wwowwgbyworborggrgygbygbyoogyywybwyrbbroorooryrrwbgwbg
4757,R1 U0 L2 ,wwowwgyygrrbrrgrrgooybgybgywybwybwyrbbgooooooyrrwbgwbg
4758,U0 L2 ,wwwwwwyyybggrrrrrrooobggbggwyywyywyybbgoooooorrrbbgbbg
4759,L2 ,ywwywwywwrrrrrrrrrbggbggbggwyywyywyyooooooooobbgbbgbbg
4760,R2 L2 B0 U2 R0 F0 B0 U1 D2 B2 ,gybywbwrybwwrrbogyobobgggggyowoywrorwrbwooyworgrybrgyb
4761,L2 B0 U2 R0 F0 B0 U1 D2 B2 ,gywywwwrrygobrrwwbobgbgyggryoboybroywrbwooywoggrgbroyb
4762,B0 U2 R0 F0 B0 U1 D2 B2 ,yywowwrrrygobrrwwbbbgrgyrgrgobyybwoyowyoowbrwggggbboyo
4763,U2 R0 F0 B0 U1 D2 B2 ,orbowwrrrygybrowwwbbgrgyrgrgobyyboobwwyyowyrwoggybgobg
4764,R0 F0 B0 U1 D2 B2 ,rrrwwobrowwybrowwwoggrgyrgrgobyyboobygyyowyrwbbgybgobg
4765,F0 B0 U1 D2 B2 ,rrgwwybrrwbwwrwwoyogbrgbrgbgooyyyoobygyyowyrwobgobgrbg
4766,B0 U1 D2 B2 ,rrgwwywwybbwrrwroyrrogggbbbwwwyyyoobyggyooyroobgobgrbg
4767,U1 D2 B2 ,wwywwywwybbbrroroorrogggbbbwwwyyyyyygggroorroroobbbggg
4768,D2 B2 ,yyywwwwwwrrorrorooggggggbbbwwwyyyyyyrooroorrobbbbbbggg
4769,B2 ,yyywwwwwwrrorrorrogggggggggyyyyyywwwroorooroobbbbbbbbb
4770,U0 F1 L0 B0 U1 D1 L2 R1 F2 D0 ,owrrwooboyyygryrgwwobogooygbbyrywrrggggrowbbwbbygbyrww
4771,F1 L0 B0 U1 D1 L2 R1 F2 D0 ,orobwwoorbbygryrgwyyyogooygbbyrywrrgwobrowbbwggggbyrww
4772,L0 B0 U1 D1 L2 R1 F2 D0 ,orobwwbgrybybrybgwyogygyyoobwwrywrrgworroobboggggbyrww
4773,B0 U1 D1 L2 R1 F2 D0 ,wroywwggrybybrybgwoogbgybooywwyywyrgbrwboooorggrgbrrwb
4774,U1 D1 L2 R1 F2 D0 ,yywywwggrybgbrrbgyoogbgybooywwyywbboorwrooworrggwbgbrr
4775,D1 L2 R1 F2 D0 ,wwrywgyygoogbrrbgyorwbgybooywwyywbborggrooworybgwbgbrr
4776,L2 R1 F2 D0 ,wwrywgyygoogbrrbrrorwbgybgywwowybyybrggroobooybgwbgwor
4777,R1 F2 D0 ,wwrwwgyygoogbrrbrrrrwggyggywwoyybyybooboorggrybbwbbwoo
4778,F2 D0 ,wwwwwwyyygrrorrobbrrrggggggwwwyyyyyyooboorggrbbbbbbooo
4779,D0 ,wwwwwwwwwrrrrrrbbbggggggrrryyyyyyyyyoooooogggbbbbbbooo
4780,L1 B0 R0 D2 L0 U0 F1 L0 B0 D1 ,wbwgwbggoywoyrwgwrwobogbobygrrrygboyorrgoywyygobrbybwr
4781,B0 R0 D2 L0 U0 F1 L0 B0 D1 ,wbwowbogoywoyrwgwrgobrgbbbyrrryygboyryyroyogwgogrbgbww
4782,R0 D2 L0 U0 F1 L0 B0 D1 ,owrowbogoywyyrogwbgobrgbbbyrrryygrrowyyboywgwbrgwbowgg
4783,D2 L0 U0 F1 L0 B0 D1 ,owbowbogygyywrwboygorrggbborrwyywrrbwyyboywgworgbborgg
4784,L0 U0 F1 L0 B0 D1 ,owbowbogygyywrwwgwgorrggrggbrrwyywrrwyyboyboyorgbbobbo
4785,U0 F1 L0 B0 D1 ,owbowbggygyywrwwgwooroggogggrrryyrrrbbwooyyyyorwbbwbbb
4786,F1 L0 B0 D1 ,googwwybborwwrwwgwgyyoggogggrrryyrrroorooyyyybbwbbwbbb
4787,L0 B0 D1 ,googwwowwrrwrrwggwyggygggooryyryyrrrooboobyyybbwbbwbbb
4788,B0 D1 ,boowwwwwwrrwrrwggwggggggoooyyyyyygrryooyooybbbbrbbrbbr
4789,D1 ,wwwwwwwwwrrrrrrgggggggggoooyyyyyyyyyoooooobbbbbbbbbrrr
4790,R1 L2 D0 U0 R0 D1 L2 R0 F0 L0 ,wyogwbrbwgrwyrgbybgoogggrryywowyooyrbowoowybgbrrrbwybg
4791,L2 D0 U0 R0 D1 L2 R0 F0 L0 ,wyygwrrbbwgbrrygybgooggbrrwywowygoyybowoowybgrrrobwobg
4792,D0 U0 R0 D1 L2 R0 F0 L0 ,yyywwrobbwgbrrygybgoowgbrrwwwogygryygbywoowobrrrobgobg
4793,U0 R0 D1 L2 R0 F0 L0 ,yyywwrobbwgbrryrrwgoowgbwobrgwyywygogbywooobgrrrobggyb
4794,R0 D1 L2 R0 F0 L0 ,owybwybryrrrrryrrwwgbwgbwobrgwyywygogoowooobggbyobggyb
4795,D1 L2 R0 F0 L0 ,owbbwbbrbrrrrrrwyrwgwwgwwoorggyyoygggoowooobgybyybgyyb
4796,L2 R0 F0 L0 ,owbbwbbrbrrrrrryybwgwwgwwyrgoggygryygoowoowooybyybgobg
4797,R0 F0 L0 ,gwbgwbrrbrrrrrryybggwggwyyroogbygbyyoowoowoogybwybwobw
4798,F0 L0 ,gwwgwwrrryrryrrbrrggggggyyyooobyybyyoowoowoogbbwbbwbbw
4799,L0 ,gwwgwwgwwrrrrrrrrryggyggyggbyybyybyyooooooooobbwbbwbbw
4800,R1 B1 L1 D1 B1 R0 U1 D1 R2 U2 ,owwrwwwyboggorrwbrgrywgyybrrybgyrobggwogobwobroygbyyob
4801,B1 L1 D1 B1 R0 U1 D1 R2 U2 ,owyrwgwyrgrrgrboowgrwwgwybbryygyyobrgwogobwobgoyrbybob
4802,L1 D1 B1 R0 U1 D1 R2 U2 ,wggrwgwyrgrogrwooygrwwgwybbryygyywbrowobobrobyybobogrb
4803,D1 B1 R0 U1 D1 R2 U2 ,gggwwgyyrgrogrwooyrrwggwwbbbyyoyybbrobbwooobryywobrgrw
4804,B1 R0 U1 D1 R2 U2 ,gggwwgyyrgrogrwgrwrrwggwooyyyryybbobobbwoowbbyywobrobr
4805,R0 U1 D1 R2 U2 ,wwowwgyyrgrggrggrgrrwggwooyyyryybwwobbbooobbbwrrybbyoo
4806,U1 D1 R2 U2 ,wwwwwwyyygggrrrgggrrrggboooyyyyyywwwbbbooobbbrrrgbbooo
4807,D1 R2 U2 ,wwywwywwyrrrrrrgggbbbggboooyyyyyywwwrrrooobbbggggbbooo
4808,R2 U2 ,wwywwywwyrrrrrrooobbbggbgggyywyywyywrrrooooooggggbbbbb
4809,U2 ,wwwwwwwwwooorrrrrrbbbggggggyyyyyyyyyrrroooooogggbbbbbb
4810,F1 L2 D0 B1 F0 U2 D0 B1 L0 F1 ,gyoowggobyyywrbwbgrgrwggbrboyowywwrwwyyroorrygbrobbogb
4811,L2 D0 B1 F0 U2 D0 B1 L0 F1 ,gyoowgywwoyyyrbobgrgbggrrwbyoywywwrwwybroorrggbrobbogb
4812,D0 B1 F0 U2 D0 B1 L0 F1 ,yyowwgwwwoyyyrbobgbgbbgrrwbgoyoywyrwgrroorbywgbrobgogr
4813,B1 F0 U2 D0 B1 L0 F1 ,yyowwgwwwoyyyrbrwbbgbbgrbywyogryowwygrroorogrgbrobgobg
4814,F0 U2 D0 B1 L0 F1 ,oogwwgwwwoyyyryrwobgbbgrbywyogryobbywrrworygrrggbbbgoo
4815,U2 D0 B1 L0 F1 ,oogwwgrrrwyywrywwobbbyggwrbryoryobbywrywooyggrggbbbgoo
4816,D0 B1 L0 F1 ,rrrgwwgoowrywrywworggyggwrbryoryobbywyywooyggbbbbbbgoo
4817,B1 L0 F1 ,rrrgwwgoowrywrywrbrggyggyggbrrbyyyoowyywoogoobbbbbbwwo
4818,L0 F1 ,gwwgwwgoowrrwrrwrrrggyggyggbrrbyybyyyyyoooooobbobbwbbw
4819,F1 ,wwwwwwooowrrwrrwrrgggggggggrrryyyyyyooyooyooybbbbbbbbb
4820,R0 D0 U1 B1 R1 L2 B2 R0 D2 L1 ,wyywwbwwwbwbbrwyrwrrrggrooryygyygybbgggyoogbbrroobgooo
4821,D0 U1 B1 R1 L2 B2 R0 D2 L1 ,wyrwwrwwrybbrrwwwbrrggggoobyyoyyoybrgggyoogbbwrobbgyoo
4822,U1 B1 R1 L2 B2 R0 D2 L1 ,wyrwwrwwrybbrrwoobrrgggggbbyyybyyroogggyooyoowrobbgwwb
4823,B1 R1 L2 B2 R0 D2 L1 ,rrrywwwwwrrgrrwoobgggggggbbyyybyyroowroyooyooybbbbgwwb
4824,R1 L2 B2 R0 D2 L1 ,yywywwwwwrrrrrroorgggggggbbyyybyybwgrrooooooobgbbbwybw
4825,L2 B2 R0 D2 L1 ,yyyywbwwbrrrrrorroggwggwgbwyygbygbwbrroooooooggbybwybw
4826,B2 R0 D2 L1 ,yyybwbbwbrrrrrorrowgwwgwbbwyygyygwwbooooooorrgggybgybg
4827,R0 D2 L1 ,bwwbwbbwbrrorrorrowgwwgwbbwyygyygyyyoooooorrrgbygbyggg
4828,D2 L1 ,bwwbwwbwwrrrrrrooowggwggbbyyygyygyygoooooorrrbbybbywgg
4829,L1 ,bwwbwwbwwrrrrrrrrrwggwggwgggyygyygyyooooooooobbybbybby
4830,D0 U2 L2 R2 D1 U1 B2 F0 U2 L1 ,obwowwrwbwggoryorywrobgybbyyyggyyorrwwbworborroggbbggy
4831,U2 L2 R2 D1 U1 B2 F0 U2 L1 ,obwowwrwbwggorybbywrobgyborogyryyrygwwbworggyroggbbory
4832,L2 R2 D1 U1 B2 F0 U2 L1 ,bwrwwowbowwborybbyrogbgyborogyryyrygwggworggywrogbbory
4833,R2 D1 U1 B2 F0 U2 L1 ,owrrworbowwborybbyyogbgyoorbgywyywygyggrowggwwrbgbborr
4834,D1 U1 B2 F0 U2 L1 ,owyrwyrbgybbyrobwwyoobggoowbgrwyowyoyggrowggwrrbybbgrr
4835,U1 B2 F0 U2 L1 ,owyrwyrbgybbyrogrryoobggbwwroogyybwwyggrowoowrrbybbggw
4836,B2 F0 U2 L1 ,yygwwborryooyrogrryggbggbwwroogyybwwrrbrowoowybbybbggw
4837,F0 U2 L1 ,wwbwwborryooyrrgrryggbggbwwroogyygyyrrboowoowwggbbybby
4838,U2 L1 ,wwbwwbwwbooorrrrrrbbywggwgggyygyygyyrrroooooowggbbybby
4839,L1 ,bwwbwwbwwrrrrrrrrrwggwggwgggyygyygyyooooooooobbybbybby
4840,F1 L2 B0 R0 U2 D2 F2 U0 L0 R1 ,boobwwggworbgryyoooobbgrgwbwbrwyygoyrrwroyygrywwgbygbr
4841,L2 B0 R0 U2 D2 F2 U0 L0 R1 ,boobwwogyrrbbrywoobrbogwobgwyrwyygoyrrwrogyggywwgbygbr
4842,B0 R0 U2 D2 F2 U0 L0 R1 ,woowwwggyrrbbrywoorrbygwwbgbyrbyyooyggygorwrrywogbogbb
4843,R0 U2 D2 F2 U0 L0 R1 ,byowwwggyrrybrowoorrbygwwbgbyrbyyggwogyoorwrrggybbwboo
4844,U2 D2 F2 U0 L0 R1 ,bybwwwgggwbrorrooyrrrygywbwbybbybgggogyoorwrrygywbwooo
4845,D2 F2 U0 L0 R1 ,gggwwwbybogyorrooyygyygywbwbybbybgggwbroorwrrrrrwbwooo
4846,F2 U0 L0 R1 ,gggwwwbybogyorrwrrygyygyooogggbybbybwbroorooyrrrwbwwbw
4847,U0 L0 R1 ,gggwwwgggygyrrrrrroooygyygybybbybbybwbwoooooorrrwbwwbw
4848,L0 R1 ,gwggwggwgrrrrrrrrrygyygyygybybbybbybooooooooowbwwbwwbw
4849,R1 ,wwgwwgwwgrrrrrrrrrggyggyggyyybyybyybooooooooowbbwbbwbb
4850,F0 R2 B1 F0 U0 L0 R2 B1 D2 F0 ,gywrwwboryrbrryrgwrbgggyrwwbggbyrbooybwyooywyogobbogwo
4851,R2 B1 F0 U0 L0 R2 B1 D2 F0 ,gywrwwyowbrboryrgwrgrwgbwygrrybyrbooybbyogywgogobbogwo
4852,B1 F0 U0 L0 R2 B1 D2 F0 ,gyyrwryoowgryrobrbrggwgbwyorrwbywbowybbyogywgggobborwo
4853,F0 U0 L0 R2 B1 D2 F0 ,yyyrwryoowggyrybryrggwgbwyorrwbywborbbboogwwgooogbwgbr
4854,U0 L0 R2 B1 D2 F0 ,yyyrwrggbyggoryorywwryggobgbywbywborbbroorwwwooogbwgbr
4855,L0 R2 B1 D2 F0 ,grygwybryooooryoryyggyggobgbywbywborwwroorwwwbbrgbwgbr
4856,R2 B1 D2 F0 ,rrywwyrryooooryoryggggggbbgyywyywoorwowwowwrrbbbgbbgbb
4857,B1 D2 F0 ,rrwwwwrrryroyrooooggggggbbbyyyyyyooywowwowwrrgbbgbbgbb
4858,D2 F0 ,wwwwwwrrryrryrroowggggggbbbyyyyyyooooowoowyrrbbbbbbggg
4859,F0 ,wwwwwwrrryrryrryrrgggggggggoooyyyyyyoowoowoowbbbbbbbbb
4860,F0 D1 L1 B0 F1 U2 R1 D2 L0 B0 ,ooygwggowboobrwbbwwbrygrrgryryryyobobyrrooywgbwwgbygwg
4861,D1 L1 B0 F1 U2 R1 D2 L0 B0 ,ooygwggorgooorwwbwrywggbrrrbbbryyobobyyrorywybwwgbygwg
4862,L1 B0 F1 U2 R1 D2 L0 B0 ,ooygwggorgooorwgwgrywggbwbwbyobybbrobyyrorrrrbwwgbyywy
4863,B0 F1 U2 R1 D2 L0 B0 ,roygwgworgooorwgwgbywbgbbbwyyoyybwroyrryorbrrbwggbgywo
4864,F1 U2 R1 D2 L0 B0 ,owggwgworgooorrgwwbywbgbbbwyyoyybyybyrroorrrrygbwbwogg
4865,U2 R1 D2 L0 B0 ,owggwggogoooyrrywwwbwygbbbbrrryybyybyrrooorrwygbwbwogg
4866,R1 D2 L0 B0 ,goggwggwoyrryrrywwygbygbbbbrrryybyyboooooorrwwbwwbwogg
4867,D2 L0 B0 ,googwwgwwrrwrrwyyyyggyggbborrbyybyyboooooorrwbbwbbwrgg
4868,L0 B0 ,googwwgwwrrwrrwrrwyggyggrggbyybyybrrooooooyyybbwbbwbbo
4869,B0 ,ooowwwwwwrrwrrwrrwgggggggggyyyyyyrrryooyooyoobbbbbbbbb
4870,R0 D1 U2 R2 F1 D2 U2 B0 L0 U2 ,boobwwgwgoryorgowbwbwbgwrrwyybyygbgrooryorwgggyyrbbyor
4871,D1 U2 R2 F1 D2 U2 B0 L0 U2 ,bowbwwgwwooowrrbgywbbbggrrryyyyyrbggooryorwgggyywbboor
4872,U2 R2 F1 D2 U2 B0 L0 U2 ,bowbwwgwwooowrroorwbbbggbgyyrgyygyybooryorrrrgyywbbwgg
4873,R2 F1 D2 U2 B0 L0 U2 ,wwgwwbwoboorwrroorgyybggbgyyrgyygyyboooyorrrrwbbwbbwgg
4874,F1 D2 U2 B0 L0 U2 ,wwgwwgwobroorrwroogywbgwbgwyrgyybyyboooyorrrrybbgbbygg
4875,D2 U2 B0 L0 U2 ,wwgwwgrrrgoorrwyoowwwygggbborryybyyboobyoorrwybbgbbygg
4876,U2 B0 L0 U2 ,wwgwwgrrrgoorrwrrwwwwyggyggbyybyyrrooobyooyooybbgbbgbb
4877,B0 L0 U2 ,rrrgwwgwwoobrrwrrwybbyggyggbyybyyrrogooyooyoowwwgbbgbb
4878,L0 U2 ,bwwgwwgwwooorrrrrrybbyggyggbyybyygyyrooroorooggwbbwbbw
4879,U2 ,wwwwwwwwwooorrrrrrbbbggggggyyyyyyyyyrrroooooogggbbbbbb
4880,D0 R2 L1 B2 U0 D1 L2 R1 B2 D2 ,obywwyoygwbgororrwbrryggygbgwwwygrboyrwbogyoroobybwgrb
4881,R2 L1 B2 U0 D1 L2 R1 B2 D2 ,obywwyoygwbgoroygbbrryggyorrwgbywogwyrwboggrboobybwrrw
4882,L1 B2 U0 D1 L2 R1 B2 D2 ,obgwwwoywbgyorogbwbrrygyyoorwybyyoggyrwboggrbrobgbwrrw
4883,B2 U0 D1 L2 R1 B2 D2 ,bbgywwyywbgyorogbwrrrbgyooowwywyybggwgbrorybgroogbwrro
4884,U0 D1 L2 R1 B2 D2 ,ggbywwyywbgyorrgbwrrrbgyooowwywyygbbwgboorybgorrwbgoor
4885,D1 L2 R1 B2 D2 ,yygywgwwborrorrgbwbgybgyooowwywyygbbrrroorybgwgbwbgoor
4886,L2 R1 B2 D2 ,yygywgwwborrorroorbgybgygbwyybwybwwgrrroorooowgbwbgybg
4887,R1 B2 D2 ,yygwwgwwborrorroorggyggybbwyybyybwwgoooroorrrwggwbbybb
4888,B2 D2 ,yyywwwwwwrrrrrooooggggggbbbyyyyyywwwoooroorrrgggbbbbbb
4889,D2 ,wwwwwwwwwrrrrrroooggggggbbbyyyyyyyyyoooooorrrbbbbbbggg
4890,L0 D0 R2 U1 L2 B2 R0 D1 L2 B1 ,yogywgobyorrorrbbbwygwggwrybyobyrgyorgggooywrwbbwbwwor
4891,D0 R2 U1 L2 B2 R0 D1 L2 B1 ,rogwwgbbyorrorrbbbyygyggorywyowyrwyoygrwogrogwbgwbbwob
4892,R2 U1 L2 B2 R0 D1 L2 B1 ,rogwwgbbyorrorroryyygyggrogwwwyyyoroygrwogwobwbgwbbbbb
4893,U1 L2 B2 R0 D1 L2 B1 ,rowwwybboyrorrorroyybygwrowwwgyygoryygrwogwobgbggbbgbb
4894,L2 B2 R0 D1 L2 B1 ,wyoowbrwbyybrrorroygrygwrowwwgyygorygbgwogwobyrogbbgbb
4895,B2 R0 D1 L2 B1 ,wyoywbowbyybrrorrobgrbgwoowwwgoygrrybowgowgbgyrrgbygby
4896,R0 D1 L2 B1 ,yrrywbowbyygrrgrrbbgrbgwoowwwgoygoywoowoowbbgybgybgrry
4897,D1 L2 B1 ,yrrywwowwrryrrybggbggbggoowwwroyyoyyoowoowbbgbbgbbgrry
4898,L2 B1 ,yrrywwowwrryrryrrybggbggbggryywyywoooowoowoowbbgbbgbbg
4899,B1 ,rrrwwwwwwrryrryrrygggggggggyyyyyyooowoowoowoobbbbbbbbb
4900,L1 D0 U2 L1 D2 U2 R2 B2 U2 L0 ,ryggwbbwworrorryggybbwgwwoobbbyyyoywyorgoryrrwbggbwoog
4901,D0 U2 L1 D2 U2 R2 B2 U2 L0 ,yygwwbwwworrorryggbbbygwooogbbwyygywrrroorygywbbgbgoor
4902,U2 L1 D2 U2 R2 B2 U2 L0 ,yygwwbwwworrorrooobbbygwygygwgyybwybrrrooroorwbbgbgygg
4903,L1 D2 U2 R2 B2 U2 L0 ,wwwbwwgyyrrrorrooowbbygwygygwgyybwyborrooroorbbbgbgygg
4904,D2 U2 R2 B2 U2 L0 ,wwwywwyyyrrrorrooogbbygwwgygwggybbybrrrrooooobbggbbygw
4905,U2 R2 B2 U2 L0 ,wwwywwyyyrrrorrooogbbygwygwbybbyggwgrrrrooooobbggbbwgy
4906,R2 B2 U2 L0 ,yyywwywwwrrrorrooobbgygwygwbybbyggwgrrrrooooogbbgbbwgy
4907,B2 U2 L0 ,yybwwgwwgooorrorrrbbwyggyggbyybyygwwrrrrooooowbbwbbggy
4908,U2 L0 ,wwgwwgwwgooorrrrrrbbwyggyggbyybyybyyrrrooooooyggbbwbbw
4909,L0 ,gwwgwwgwwrrrrrrrrryggyggyggbyybyybyyooooooooobbwbbwbbw
4910,R1 L0 F0 D1 R2 U2 B1 D1 F0 R1 ,rrbwwbybwoyyorgyygorbogyrgrgwgbygywwwrgrobbwwoybobgoor
4911,L0 F0 D1 R2 U2 B1 D1 F0 R1 ,rrowwoyboyggyryooyorbogbrgwgwbbyyywrwrgrobbwwwybgbggor
4912,F0 D1 R2 U2 B1 D1 F0 R1 ,rrogwobboyggyryooyrrbwgbygwowboyyrwrbrwworwbgwyygbbgog
4913,D1 R2 U2 B1 D1 F0 R1 ,rrogwogrwbggbryooyywrggrwbboyyoyyrwrbrowowwbbwyygbbgog
4914,R2 U2 B1 D1 F0 R1 ,rrogwogrwbggbrygogywrggrooyyyryywoorbrowowwbbwyygbbwbb
4915,U2 B1 D1 F0 R1 ,rrrgwwgrrgogyrbggbywwgggoowyyoyyooowbrowowwbbyyyrbbrbb
4916,B1 D1 F0 R1 ,rrgwwgrrrbroyrbggbyyygggoowyyoyyooowgogwowwbbywwrbbrbb
4917,D1 F0 R1 ,wwgwwgrrrbrryrrgggyyygggoowyyoyyobbooogoowwbbwbbwbbyrr
4918,F0 R1 ,wwgwwgrrrbrryrryrryyyggggggoooyybyyboogoowoowwbbwbbwbb
4919,R1 ,wwgwwgwwgrrrrrrrrrggyggyggyyybyybyybooooooooowbbwbbwbb
4920,L2 B2 U1 R2 L0 U1 B1 R0 U0 D2 ,robrwwggowboyroyyywrgwggbbgoyobyorgbwwrroggrywbbwbyroy
4921,B2 U1 R2 L0 U1 B1 R0 U0 D2 ,oobbwwrgowboyroyyyyrgyggbbgryoryoggbyrggorrwwwbbwbwrow
4922,U1 R2 L0 U1 B1 R0 U0 D2 ,bggbwwrgowbryrgyyyyrgyggbbgryoryobooyrgoorowwworwbwbbw
4923,R2 L0 U1 B1 R0 U0 D2 ,gwogwgbbryrgyrgyyyyrgyggbbgryoryobooworoorowwwbrwbwbbw
4924,L0 U1 B1 R0 U0 D2 ,gwogwobboyyygrygryyrbygwbbwryorygborworoorowwgbrgbwgbw
4925,U1 B1 R0 U0 D2 ,wwowworboyyygrygrygrbggwbbwyyoyygboroowwoowrrgbbgbrgbr
4926,B1 R0 U0 D2 ,ooowwbwwrgrbgrygryoowggwbbwyyoyygborgbbwoowrryyygbrgbr
4927,R0 U0 D2 ,wwgwwbwwrgrogrogrooowggwbbwyyoyygyybbbbooorrryrrybbygg
4928,U0 D2 ,wwwwwwwwwgggrrroooooogggbbbyyyyyyyyybbbooorrrrrrbbbggg
4929,D2 ,wwwwwwwwwrrrrrroooggggggbbbyyyyyyyyyoooooorrrbbbbbbggg
4930,D0 L1 F2 U1 L2 R0 D2 L0 U2 D1 ,yyyywwgybrgrrrogoyyrwwgwwrrggwbyywwbbbooobbroggobbgroo
4931,L1 F2 U1 L2 R0 D2 L0 U2 D1 ,yyyywwgybrgrrrowrryrwwgwbrowbgwygbywbbooobrooggobbggoy
4932,F2 U1 L2 R0 D2 L0 U2 D1 ,yyywwwbybrgrrrowrrwrwwgwbroybggygoywobobooborgggbbygoy
4933,U1 L2 R0 D2 L0 U2 D1 ,yyywwwgbyrgroroorrorbwgwwrwbybgygoywobwborborgggbbygoy
4934,L2 R0 D2 L0 U2 D1 ,ywyywbywgorboroorrobwwgwwrwbybgygoywgggborborrgrbbygoy
4935,R0 D2 L0 U2 D1 ,bwygwbowgorboroorrybwygwrrwyybyygyywrobrobgggrgwbbwgoo
4936,D2 L0 U2 D1 ,bwwgwwowwooorrrrobybbyggrrwyygyybyyrrobrobgggggwbbwyoo
4937,L0 U2 D1 ,bwwgwwowwooorrrgggybbyggyooryybyygyyrobrobrobggwbbwrrw
4938,U2 D1 ,wwwwwwwwwooorrrgggbbbgggoooyyyyyyyyyrrrooobbbgggbbbrrr
4939,D1 ,wwwwwwwwwrrrrrrgggggggggoooyyyyyyyyyoooooobbbbbbbbbrrr
4940,F2 L0 B1 R1 L2 D0 R0 B0 D2 R2 ,rwygwyybrbrrorwwoworyrgwbgrowbbyyboogygbogooygbwrbyggw
4941,L0 B1 R1 L2 D0 R0 B0 D2 R2 ,rwygwybwoyrrgrwgowrgbwgryrorbybyyboogywboooobgbwrbyggw
4942,B1 R1 L2 D0 R0 B0 D2 R2 ,wwyywywwoyrrgrwgowrgbggrbrorbywyyyooobgooybowgbbrbbggr
4943,R1 L2 D0 R0 B0 D2 R2 ,booywywwoyrwgrwgoyrgbggrbrorbywyywwrybgooyoowbbrbbggrg
4944,L2 D0 R0 B0 D2 R2 ,bogywbwwbwwyrroyggrgoggybrorbbwyrwwoybgooyoowrbrybgyrg
4945,D0 R0 B0 D2 R2 ,rogwwbwwbwwyrroyggggoggyrrobbbyyrwwowooyoogbyrbbybgyrr
4946,R0 B0 D2 R2 ,rogwwbwwbwwyrrorroggoggygbywybwyborbwooyooyrrrbbybgygg
4947,B0 D2 R2 ,roowwywwyrrwrrwooyggbggbgbbwyywyyorrwooyooyrrbbbbbgggg
4948,D2 R2 ,wwywwywwyrrrrrroooggbggbgbbwyywyywyyoooooorrrgbbgbbggb
4949,R2 ,wwywwywwyrrrrrrrrrggbggbggbyywyywyywooooooooogbbgbbgbb
4950,D2 B1 F0 D2 R1 F2 B2 L1 D1 F1 ,yrwbwwogrwoowrorbrbrbogbrbwbrggyybwgoowyoyyyygwggbrygo
4951,B1 F0 D2 R1 F2 B2 L1 D1 F1 ,yrwbwwogrwoowroyyybrbogbygogwbyyggrboowyoyrbrgwggbrrbw
4952,F0 D2 R1 F2 B2 L1 D1 F1 ,ryobwwogrwoywrryywbrbogbygogwbyygyoogowroybbrgrwwbbggr
4953,D2 R1 F2 B2 L1 D1 F1 ,ryobwwrywooygrrrywyobggrobbywwyygyoogogrowbbbgrwwbbggr
4954,R1 F2 B2 L1 D1 F1 ,ryobwwrywooygrrbbbyobggrggrooygyywwygogrowrywgrwwbbobb
4955,F2 B2 L1 D1 F1 ,ryobwwrygyrborbogbyooggwggwoobgyrwwrgogrowrywyrwybbybb
4956,B2 L1 D1 F1 ,ryobwwboowrbwrbggbwggwggooygyrgyrwwrgoorooryyyrwybbybb
4957,L1 D1 F1 ,rwwbwwboowrrwrrgggwggwggooygyrgyroyrbooboobyybbybbywry
4958,D1 F1 ,wwwwwwooowrrwrrgggggggggooyyyryyryyrooyooybbbbbbbbbwrr
4959,F1 ,wwwwwwooowrrwrrwrrgggggggggrrryyyyyyooyooyooybbbbbbbbb
4960,R2 L2 U1 B2 L0 D0 F1 B1 D2 F2 ,ybobworwbybgorywrrgrrggwgobyyoryyrrbbwwgowggowyogbowby
4961,L2 U1 B2 L0 D0 F1 B1 D2 F2 ,ybobwyrwbrrwyrogbygrwggggowyyoryorrbbwwgowggobyowborby
4962,U1 B2 L0 D0 F1 B1 D2 F2 ,yborwyrwbrrwyrogbyyrwoggoowyyobyorrboggwogwwbbygwbgrbg
4963,B2 L0 D0 F1 B1 D2 F2 ,oybbwwyrryrwyrogbyoggoggoowyyobyorrbbygwogwwbrrwwbgrbg
4964,L0 D0 F1 B1 D2 F2 ,brrbwwyrryrwyrwgbboggoggoowyyobyobyoyygoogwwbgbrgbwwrr
4965,D0 F1 B1 D2 F2 ,rrrwwwrrryrwyrwgbbbggbggyowoyooyooyowoywoybgggbbgbbwry
4966,F1 B1 D2 F2 ,rrrwwwrrryrwyrwyowbggbggbggoooyyyooowoywoywrygbbgbbgbb
4967,B1 D2 F2 ,rrrwwwyyyorworwoowggggggbbbyyyyyyoooworworwrrgbbgbbgbb
4968,D2 F2 ,wwwwwwyyyorrorroorggggggbbbyyyyyywwwooroororrbbbbbbggg
4969,F2 ,wwwwwwyyyorrorrorrgggggggggwwwyyyyyyoorooroorbbbbbbbbb
4970,F1 B0 U0 F1 D0 L2 F0 D2 B2 U0 ,bwbywryyobbyyrwrgroowrgrrgbgrwoyyoogybgwowggwoorgbbybw
4971,B0 U0 F1 D0 L2 F0 D2 B2 U0 ,bwbywrbyrwbyrrwggrwrboggorrgwwoyyoogybowoyggyoorgbbybw
4972,U0 F1 D0 L2 F0 D2 B2 U0 ,ywrywrbyrwbgrroggowrboggorrgwwoyyywgbbowoybgyygobbowbr
4973,F1 D0 L2 F0 D2 B2 U0 ,byyywwrrrygorroggowbgoggorrgwwoyyywgwrbwoybgybbobbowbr
4974,D0 L2 F0 D2 B2 U0 ,byyywwyrgwgowroggoggrbgrwoobyyoyyywgwrrworbgrbbobbowbr
4975,L2 F0 D2 B2 U0 ,byyywwyrgwgowrowooggrbgrbgryobwyygyywrrworwbrbbobboggo
4976,F0 D2 B2 U0 ,yyywwwgrgwgowrowooogrogrogrbobyyyyyyrbwrowrrwbbbbbbggg
4977,D2 B2 U0 ,yyywwwwwwggorrogooooogggrrrwwwyyyyyyrbbroorrbbbbbbbggg
4978,B2 U0 ,yyywwwwwwggorrorrboooggggggyyyyyywwwrbbroogoobbbbbbrrr
4979,U0 ,wwwwwwwwwgggrrrrrroooggggggyyyyyyyyybbboooooorrrbbbbbb
4980,B1 R1 L1 U2 D2 F1 R1 U2 B0 D0 ,rryowbbwoyorgrbbowwgbggyobwgrrrywrwogyoooryyygwwybggbb
4981,R1 L1 U2 D2 F1 R1 U2 B0 D0 ,yogowbbwoyorgrrboywgbggyobwgrrrywwbrryoworoyywgbwbbgyg
4982,L1 U2 D2 F1 R1 U2 B0 D0 ,yogowwbwwrryoroygbwggggbobogrbryywbwryoworoyyrgbwbbryg
4983,U2 D2 F1 R1 U2 B0 D0 ,woggwwowwrryoroygbgggrgbwbogrbbyybbworyyoyrworgbwboryy
4984,D2 F1 R1 U2 B0 D0 ,wwowwggoworyoroygbrgbrgbwbogrbbyybbwrryyoyrwogggwboryy
4985,F1 R1 U2 B0 D0 ,wwowwggoworyororworgbrgbryywbbyybbrgrryyoyygbgggwbowbo
4986,R1 U2 B0 D0 ,wwowwgoorbrybrowwobbyggyrrryybyybbrgrrwyooygggggwbowbo
4987,U2 B0 D0 ,wwwwwwoogyoorrwbbwbbogggrrryyyyyybrrrrwyooygggggbbobbo
4988,B0 D0 ,goowwwwwwrrwrrwbbwggggggrrryyyyyybrryooyooyggbbobbobbo
4989,D0 ,wwwwwwwwwrrrrrrbbbggggggrrryyyyyyyyyoooooogggbbbbbbooo
4990,L1 F0 R2 U1 L0 B0 U0 F1 D0 L0 ,yrrwwyywgobwrrwowrrrwgggoywggbyyorrbbbbboogoygyogbowby
4991,F0 R2 U1 L0 B0 U0 F1 D0 L0 ,rrrgwyowgobwrrwowrgrwyggrywygboyoorbboyboobbggyygbwwby
4992,R2 U1 L0 B0 U0 F1 D0 L0 ,rrrgwygoyobwwrwgwrrygygrwgworooyoorbboybogbbbgyygbwwby
4993,U1 L0 B0 U0 F1 D0 L0 ,rrogwogobrwgwrwwborywyggwggorroyyoryboybogbbbwyyrbwgby
4994,L0 B0 U0 F1 D0 L0 ,oobrworggrywwrwwboboyyggwggorroyyorywyybogbbbrwgrbwgby
4995,B0 U0 F1 D0 L0 ,yobwwogggrywwrwwboooyrggrggbrryyywrybbwboybgyrworbogbo
4996,U0 F1 D0 L0 ,wwowwogggryywrrwbwooyrggrggbrryyybbbbbwooyygygrrbbwooo
4997,F1 D0 L0 ,gwwgwwgoogrrwrrwbwryyrggrggbrryyybbbooyooyygybbwbbwooo
4998,D0 L0 ,gwwgwwgwwrrrrrrbbwyggyggrrryyyyyybbbooooooyggbbwbbwooo
4999,L0 ,gwwgwwgwwrrrrrrrrryggyggyggbyybyybyyooooooooobbwbbwbbw
